
image=images/enemies/bat_large.png

[stance]
frames=3
duration=120
type=back_forth
frame=0,0,316,0,40,52,14,47
frame=0,1,148,0,40,53,14,47
frame=0,2,188,0,64,52,32,46
frame=0,3,188,0,64,52,32,46
frame=0,4,188,0,64,52,32,46
frame=0,5,484,0,40,50,20,44
frame=0,6,484,0,40,50,22,44
frame=0,7,252,0,64,52,32,54
frame=1,0,524,0,36,46,14,43
frame=1,1,524,0,36,46,14,43
frame=1,2,356,0,64,50,32,46
frame=1,3,356,0,64,50,32,46
frame=1,4,356,0,64,50,32,46
frame=1,5,560,0,36,46,16,40
frame=1,6,560,0,36,46,18,40
frame=1,7,420,0,64,50,32,54
frame=2,0,96,0,26,54,14,51
frame=2,1,96,0,26,54,14,51
frame=2,2,0,0,48,54,24,50
frame=2,3,0,0,48,54,24,50
frame=2,4,0,0,48,54,24,50
frame=2,5,122,0,26,54,6,48
frame=2,6,122,0,26,54,8,48
frame=2,7,48,0,48,54,24,58

[run]
frames=3
duration=120
type=back_forth
frame=0,0,316,0,40,52,14,47
frame=0,1,148,0,40,53,14,47
frame=0,2,188,0,64,52,32,46
frame=0,3,188,0,64,52,32,46
frame=0,4,188,0,64,52,32,46
frame=0,5,484,0,40,50,20,44
frame=0,6,484,0,40,50,22,44
frame=0,7,252,0,64,52,32,54
frame=1,0,524,0,36,46,14,43
frame=1,1,524,0,36,46,14,43
frame=1,2,356,0,64,50,32,46
frame=1,3,356,0,64,50,32,46
frame=1,4,356,0,64,50,32,46
frame=1,5,560,0,36,46,16,40
frame=1,6,560,0,36,46,18,40
frame=1,7,420,0,64,50,32,54
frame=2,0,96,0,26,54,14,51
frame=2,1,96,0,26,54,14,51
frame=2,2,0,0,48,54,24,50
frame=2,3,0,0,48,54,24,50
frame=2,4,0,0,48,54,24,50
frame=2,5,122,0,26,54,6,48
frame=2,6,122,0,26,54,8,48
frame=2,7,48,0,48,54,24,58

[ranged]
frames=3
duration=120
type=back_forth
frame=0,0,316,0,40,52,14,47
frame=0,1,148,0,40,53,14,47
frame=0,2,188,0,64,52,32,46
frame=0,3,188,0,64,52,32,46
frame=0,4,188,0,64,52,32,46
frame=0,5,484,0,40,50,20,44
frame=0,6,484,0,40,50,22,44
frame=0,7,252,0,64,52,32,54
frame=1,0,524,0,36,46,14,43
frame=1,1,524,0,36,46,14,43
frame=1,2,356,0,64,50,32,46
frame=1,3,356,0,64,50,32,46
frame=1,4,356,0,64,50,32,46
frame=1,5,560,0,36,46,16,40
frame=1,6,560,0,36,46,18,40
frame=1,7,420,0,64,50,32,54
frame=2,0,96,0,26,54,14,51
frame=2,1,96,0,26,54,14,51
frame=2,2,0,0,48,54,24,50
frame=2,3,0,0,48,54,24,50
frame=2,4,0,0,48,54,24,50
frame=2,5,122,0,26,54,6,48
frame=2,6,122,0,26,54,8,48
frame=2,7,48,0,48,54,24,58

[ment]
frames=3
duration=120
type=back_forth
frame=0,0,316,0,40,52,14,47
frame=0,1,148,0,40,53,14,47
frame=0,2,188,0,64,52,32,46
frame=0,3,188,0,64,52,32,46
frame=0,4,188,0,64,52,32,46
frame=0,5,484,0,40,50,20,44
frame=0,6,484,0,40,50,22,44
frame=0,7,252,0,64,52,32,54
frame=1,0,524,0,36,46,14,43
frame=1,1,524,0,36,46,14,43
frame=1,2,356,0,64,50,32,46
frame=1,3,356,0,64,50,32,46
frame=1,4,356,0,64,50,32,46
frame=1,5,560,0,36,46,16,40
frame=1,6,560,0,36,46,18,40
frame=1,7,420,0,64,50,32,54
frame=2,0,96,0,26,54,14,51
frame=2,1,96,0,26,54,14,51
frame=2,2,0,0,48,54,24,50
frame=2,3,0,0,48,54,24,50
frame=2,4,0,0,48,54,24,50
frame=2,5,122,0,26,54,6,48
frame=2,6,122,0,26,54,8,48
frame=2,7,48,0,48,54,24,58

[melee]
frames=3
duration=120
type=back_forth
frame=0,0,316,0,40,52,14,47
frame=0,1,148,0,40,53,14,47
frame=0,2,188,0,64,52,32,46
frame=0,3,188,0,64,52,32,46
frame=0,4,188,0,64,52,32,46
frame=0,5,484,0,40,50,20,44
frame=0,6,484,0,40,50,22,44
frame=0,7,252,0,64,52,32,54
frame=1,0,524,0,36,46,14,43
frame=1,1,524,0,36,46,14,43
frame=1,2,356,0,64,50,32,46
frame=1,3,356,0,64,50,32,46
frame=1,4,356,0,64,50,32,46
frame=1,5,560,0,36,46,16,40
frame=1,6,560,0,36,46,18,40
frame=1,7,420,0,64,50,32,54
frame=2,0,96,0,26,54,14,51
frame=2,1,96,0,26,54,14,51
frame=2,2,0,0,48,54,24,50
frame=2,3,0,0,48,54,24,50
frame=2,4,0,0,48,54,24,50
frame=2,5,122,0,26,54,6,48
frame=2,6,122,0,26,54,8,48
frame=2,7,48,0,48,54,24,58

[block]
frames=3
duration=120
type=back_forth
frame=0,0,316,0,40,52,14,47
frame=0,1,148,0,40,53,14,47
frame=0,2,188,0,64,52,32,46
frame=0,3,188,0,64,52,32,46
frame=0,4,188,0,64,52,32,46
frame=0,5,484,0,40,50,20,44
frame=0,6,484,0,40,50,22,44
frame=0,7,252,0,64,52,32,54
frame=1,0,524,0,36,46,14,43
frame=1,1,524,0,36,46,14,43
frame=1,2,356,0,64,50,32,46
frame=1,3,356,0,64,50,32,46
frame=1,4,356,0,64,50,32,46
frame=1,5,560,0,36,46,16,40
frame=1,6,560,0,36,46,18,40
frame=1,7,420,0,64,50,32,54
frame=2,0,96,0,26,54,14,51
frame=2,1,96,0,26,54,14,51
frame=2,2,0,0,48,54,24,50
frame=2,3,0,0,48,54,24,50
frame=2,4,0,0,48,54,24,50
frame=2,5,122,0,26,54,6,48
frame=2,6,122,0,26,54,8,48
frame=2,7,48,0,48,54,24,58
