
image=images/enemies/flower.png

[stance]
frames=3
duration=20
type=back_forth
frame=0,0,0,651,52,74,25,69
frame=0,1,0,725,52,74,25,69
frame=0,2,0,104,54,74,27,69
frame=0,3,0,178,54,74,27,69
frame=0,4,0,104,54,74,27,69
frame=0,5,0,799,52,74,27,69
frame=0,6,0,799,52,74,27,69
frame=0,7,0,252,54,74,27,69
frame=1,0,0,1237,52,71,26,67
frame=1,1,0,1308,52,71,26,67
frame=1,2,0,1021,52,72,26,67
frame=1,3,0,1093,52,72,26,67
frame=1,4,0,1021,52,72,26,67
frame=1,5,0,1379,52,71,26,67
frame=1,6,0,1379,52,71,26,67
frame=1,7,0,1165,52,72,26,67
frame=2,0,0,1722,51,69,25,65
frame=2,1,0,1791,51,69,25,65
frame=2,2,0,1450,52,68,26,64
frame=2,3,0,1518,52,68,26,64
frame=2,4,0,1586,52,68,26,64
frame=2,5,0,1860,51,69,26,65
frame=2,6,0,1860,51,69,26,65
frame=2,7,0,1654,52,68,26,64

[run]
frames=3
duration=20
type=back_forth
frame=0,0,0,651,52,74,25,69
frame=0,1,0,725,52,74,25,69
frame=0,2,0,104,54,74,27,69
frame=0,3,0,178,54,74,27,69
frame=0,4,0,104,54,74,27,69
frame=0,5,0,799,52,74,27,69
frame=0,6,0,799,52,74,27,69
frame=0,7,0,252,54,74,27,69
frame=1,0,0,1237,52,71,26,67
frame=1,1,0,1308,52,71,26,67
frame=1,2,0,1021,52,72,26,67
frame=1,3,0,1093,52,72,26,67
frame=1,4,0,1021,52,72,26,67
frame=1,5,0,1379,52,71,26,67
frame=1,6,0,1379,52,71,26,67
frame=1,7,0,1165,52,72,26,67
frame=2,0,0,1722,51,69,25,65
frame=2,1,0,1791,51,69,25,65
frame=2,2,0,1450,52,68,26,64
frame=2,3,0,1518,52,68,26,64
frame=2,4,0,1586,52,68,26,64
frame=2,5,0,1860,51,69,26,65
frame=2,6,0,1860,51,69,26,65
frame=2,7,0,1654,52,68,26,64

[ranged]
frames=3
duration=20
type=back_forth
frame=0,0,0,651,52,74,25,69
frame=0,1,0,725,52,74,25,69
frame=0,2,0,104,54,74,27,69
frame=0,3,0,178,54,74,27,69
frame=0,4,0,104,54,74,27,69
frame=0,5,0,799,52,74,27,69
frame=0,6,0,799,52,74,27,69
frame=0,7,0,252,54,74,27,69
frame=1,0,0,1237,52,71,26,67
frame=1,1,0,1308,52,71,26,67
frame=1,2,0,1021,52,72,26,67
frame=1,3,0,1093,52,72,26,67
frame=1,4,0,1021,52,72,26,67
frame=1,5,0,1379,52,71,26,67
frame=1,6,0,1379,52,71,26,67
frame=1,7,0,1165,52,72,26,67
frame=2,0,0,1722,51,69,25,65
frame=2,1,0,1791,51,69,25,65
frame=2,2,0,1450,52,68,26,64
frame=2,3,0,1518,52,68,26,64
frame=2,4,0,1586,52,68,26,64
frame=2,5,0,1860,51,69,26,65
frame=2,6,0,1860,51,69,26,65
frame=2,7,0,1654,52,68,26,64

[ment]
frames=3
duration=20
type=back_forth
frame=0,0,0,651,52,74,25,69
frame=0,1,0,725,52,74,25,69
frame=0,2,0,104,54,74,27,69
frame=0,3,0,178,54,74,27,69
frame=0,4,0,104,54,74,27,69
frame=0,5,0,799,52,74,27,69
frame=0,6,0,799,52,74,27,69
frame=0,7,0,252,54,74,27,69
frame=1,0,0,1237,52,71,26,67
frame=1,1,0,1308,52,71,26,67
frame=1,2,0,1021,52,72,26,67
frame=1,3,0,1093,52,72,26,67
frame=1,4,0,1021,52,72,26,67
frame=1,5,0,1379,52,71,26,67
frame=1,6,0,1379,52,71,26,67
frame=1,7,0,1165,52,72,26,67
frame=2,0,0,1722,51,69,25,65
frame=2,1,0,1791,51,69,25,65
frame=2,2,0,1450,52,68,26,64
frame=2,3,0,1518,52,68,26,64
frame=2,4,0,1586,52,68,26,64
frame=2,5,0,1860,51,69,26,65
frame=2,6,0,1860,51,69,26,65
frame=2,7,0,1654,52,68,26,64

[die]
frames=3
duration=60
type=play_once
frame=0,0,0,873,52,74,25,69
frame=0,1,0,873,52,74,25,69
frame=0,2,0,326,54,74,27,69
frame=0,3,0,326,54,74,27,69
frame=0,4,0,326,54,74,27,69
frame=0,5,0,947,52,74,27,69
frame=0,6,0,947,52,74,27,69
frame=0,7,0,400,54,74,27,69
frame=1,0,0,0,59,52,29,65
frame=1,1,0,0,59,52,29,65
frame=1,2,0,474,54,59,26,53
frame=1,3,0,474,54,59,26,53
frame=1,4,0,474,54,59,26,53
frame=1,5,0,52,59,52,29,64
frame=1,6,0,52,59,52,29,64
frame=1,7,0,533,54,59,27,69
frame=2,0,0,592,54,59,27,53
frame=2,1,0,592,54,59,27,53
frame=2,2,0,592,54,59,27,53
frame=2,3,0,592,54,59,27,53
frame=2,4,0,592,54,59,27,53
frame=2,5,0,592,54,59,27,53
frame=2,6,0,592,54,59,27,53
frame=2,7,0,592,54,59,27,53

[melee]
frames=3
duration=20
type=back_forth
frame=0,0,0,651,52,74,25,69
frame=0,1,0,725,52,74,25,69
frame=0,2,0,104,54,74,27,69
frame=0,3,0,178,54,74,27,69
frame=0,4,0,104,54,74,27,69
frame=0,5,0,799,52,74,27,69
frame=0,6,0,799,52,74,27,69
frame=0,7,0,252,54,74,27,69
frame=1,0,0,1237,52,71,26,67
frame=1,1,0,1308,52,71,26,67
frame=1,2,0,1021,52,72,26,67
frame=1,3,0,1093,52,72,26,67
frame=1,4,0,1021,52,72,26,67
frame=1,5,0,1379,52,71,26,67
frame=1,6,0,1379,52,71,26,67
frame=1,7,0,1165,52,72,26,67
frame=2,0,0,1722,51,69,25,65
frame=2,1,0,1791,51,69,25,65
frame=2,2,0,1450,52,68,26,64
frame=2,3,0,1518,52,68,26,64
frame=2,4,0,1586,52,68,26,64
frame=2,5,0,1860,51,69,26,65
frame=2,6,0,1860,51,69,26,65
frame=2,7,0,1654,52,68,26,64

[critdie]
frames=3
duration=60
type=play_once
frame=0,0,0,873,52,74,25,69
frame=0,1,0,873,52,74,25,69
frame=0,2,0,326,54,74,27,69
frame=0,3,0,326,54,74,27,69
frame=0,4,0,326,54,74,27,69
frame=0,5,0,947,52,74,27,69
frame=0,6,0,947,52,74,27,69
frame=0,7,0,400,54,74,27,69
frame=1,0,0,0,59,52,29,65
frame=1,1,0,0,59,52,29,65
frame=1,2,0,474,54,59,26,53
frame=1,3,0,474,54,59,26,53
frame=1,4,0,474,54,59,26,53
frame=1,5,0,52,59,52,29,64
frame=1,6,0,52,59,52,29,64
frame=1,7,0,533,54,59,27,69
frame=2,0,0,592,54,59,27,53
frame=2,1,0,592,54,59,27,53
frame=2,2,0,592,54,59,27,53
frame=2,3,0,592,54,59,27,53
frame=2,4,0,592,54,59,27,53
frame=2,5,0,592,54,59,27,53
frame=2,6,0,592,54,59,27,53
frame=2,7,0,592,54,59,27,53

[hit]
frames=1
duration=30
type=play_once
frame=0,0,0,873,52,74,25,69
frame=0,1,0,873,52,74,25,69
frame=0,2,0,326,54,74,27,69
frame=0,3,0,326,54,74,27,69
frame=0,4,0,326,54,74,27,69
frame=0,5,0,947,52,74,27,69
frame=0,6,0,947,52,74,27,69
frame=0,7,0,400,54,74,27,69

[block]
frames=3
duration=20
type=back_forth
frame=0,0,0,651,52,74,25,69
frame=0,1,0,725,52,74,25,69
frame=0,2,0,104,54,74,27,69
frame=0,3,0,178,54,74,27,69
frame=0,4,0,104,54,74,27,69
frame=0,5,0,799,52,74,27,69
frame=0,6,0,799,52,74,27,69
frame=0,7,0,252,54,74,27,69
frame=1,0,0,1237,52,71,26,67
frame=1,1,0,1308,52,71,26,67
frame=1,2,0,1021,52,72,26,67
frame=1,3,0,1093,52,72,26,67
frame=1,4,0,1021,52,72,26,67
frame=1,5,0,1379,52,71,26,67
frame=1,6,0,1379,52,71,26,67
frame=1,7,0,1165,52,72,26,67
frame=2,0,0,1722,51,69,25,65
frame=2,1,0,1791,51,69,25,65
frame=2,2,0,1450,52,68,26,64
frame=2,3,0,1518,52,68,26,64
frame=2,4,0,1586,52,68,26,64
frame=2,5,0,1860,51,69,26,65
frame=2,6,0,1860,51,69,26,65
frame=2,7,0,1654,52,68,26,64
