
image=images/enemies/pumpking.png

[stance]
frames=3
duration=20
type=back_forth
frame=0,0,817,0,35,43,15,39
frame=0,1,852,0,35,43,15,39
frame=0,2,395,0,40,43,20,39
frame=0,3,435,0,40,43,20,39
frame=0,4,475,0,40,43,20,39
frame=0,5,887,0,35,43,20,39
frame=0,6,887,0,35,43,20,39
frame=0,7,43,0,44,43,22,39
frame=1,0,595,0,37,43,15,38
frame=1,1,632,0,37,43,15,38
frame=1,2,87,0,44,43,22,38
frame=1,3,131,0,44,43,22,38
frame=1,4,87,0,44,43,22,38
frame=1,5,669,0,37,43,22,38
frame=1,6,669,0,37,43,22,38
frame=1,7,43,0,44,43,22,38
frame=2,0,706,0,37,43,15,37
frame=2,1,743,0,37,43,15,37
frame=2,2,175,0,44,43,22,37
frame=2,3,219,0,44,43,22,37
frame=2,4,175,0,44,43,22,37
frame=2,5,780,0,37,43,22,37
frame=2,6,780,0,37,43,22,37
frame=2,7,263,0,44,43,22,37

[run]
frames=3
duration=20
type=back_forth
frame=0,0,817,0,35,43,15,39
frame=0,1,852,0,35,43,15,39
frame=0,2,395,0,40,43,20,39
frame=0,3,435,0,40,43,20,39
frame=0,4,475,0,40,43,20,39
frame=0,5,887,0,35,43,20,39
frame=0,6,887,0,35,43,20,39
frame=0,7,43,0,44,43,22,39
frame=1,0,595,0,37,43,15,38
frame=1,1,632,0,37,43,15,38
frame=1,2,87,0,44,43,22,38
frame=1,3,131,0,44,43,22,38
frame=1,4,87,0,44,43,22,38
frame=1,5,669,0,37,43,22,38
frame=1,6,669,0,37,43,22,38
frame=1,7,43,0,44,43,22,38
frame=2,0,706,0,37,43,15,37
frame=2,1,743,0,37,43,15,37
frame=2,2,175,0,44,43,22,37
frame=2,3,219,0,44,43,22,37
frame=2,4,175,0,44,43,22,37
frame=2,5,780,0,37,43,22,37
frame=2,6,780,0,37,43,22,37
frame=2,7,263,0,44,43,22,37

[ranged]
frames=3
duration=20
type=back_forth
frame=0,0,817,0,35,43,15,39
frame=0,1,852,0,35,43,15,39
frame=0,2,395,0,40,43,20,39
frame=0,3,435,0,40,43,20,39
frame=0,4,475,0,40,43,20,39
frame=0,5,887,0,35,43,20,39
frame=0,6,887,0,35,43,20,39
frame=0,7,43,0,44,43,22,39
frame=1,0,595,0,37,43,15,38
frame=1,1,632,0,37,43,15,38
frame=1,2,87,0,44,43,22,38
frame=1,3,131,0,44,43,22,38
frame=1,4,87,0,44,43,22,38
frame=1,5,669,0,37,43,22,38
frame=1,6,669,0,37,43,22,38
frame=1,7,43,0,44,43,22,38
frame=2,0,706,0,37,43,15,37
frame=2,1,743,0,37,43,15,37
frame=2,2,175,0,44,43,22,37
frame=2,3,219,0,44,43,22,37
frame=2,4,175,0,44,43,22,37
frame=2,5,780,0,37,43,22,37
frame=2,6,780,0,37,43,22,37
frame=2,7,263,0,44,43,22,37

[ment]
frames=3
duration=20
type=back_forth
frame=0,0,817,0,35,43,15,39
frame=0,1,852,0,35,43,15,39
frame=0,2,395,0,40,43,20,39
frame=0,3,435,0,40,43,20,39
frame=0,4,475,0,40,43,20,39
frame=0,5,887,0,35,43,20,39
frame=0,6,887,0,35,43,20,39
frame=0,7,43,0,44,43,22,39
frame=1,0,595,0,37,43,15,38
frame=1,1,632,0,37,43,15,38
frame=1,2,87,0,44,43,22,38
frame=1,3,131,0,44,43,22,38
frame=1,4,87,0,44,43,22,38
frame=1,5,669,0,37,43,22,38
frame=1,6,669,0,37,43,22,38
frame=1,7,43,0,44,43,22,38
frame=2,0,706,0,37,43,15,37
frame=2,1,743,0,37,43,15,37
frame=2,2,175,0,44,43,22,37
frame=2,3,219,0,44,43,22,37
frame=2,4,175,0,44,43,22,37
frame=2,5,780,0,37,43,22,37
frame=2,6,780,0,37,43,22,37
frame=2,7,263,0,44,43,22,37

[die]
frames=3
duration=60
type=play_once
frame=0,0,922,0,35,43,15,39
frame=0,1,922,0,35,43,15,39
frame=0,2,515,0,40,43,20,39
frame=0,3,515,0,40,43,20,39
frame=0,4,515,0,40,43,20,39
frame=0,5,957,0,35,43,20,39
frame=0,6,957,0,35,43,20,39
frame=0,7,307,0,44,43,22,39
frame=1,0,992,0,43,37,21,32
frame=1,1,992,0,43,37,21,32
frame=1,2,555,0,40,43,19,37
frame=1,3,555,0,40,43,19,37
frame=1,4,555,0,40,43,19,37
frame=1,5,1035,0,43,35,22,31
frame=1,6,1035,0,43,35,22,31
frame=1,7,0,0,43,44,20,39
frame=2,0,351,0,44,43,21,37
frame=2,1,351,0,44,43,21,37
frame=2,2,351,0,44,43,21,37
frame=2,3,351,0,44,43,21,37
frame=2,4,351,0,44,43,21,37
frame=2,5,351,0,44,43,21,37
frame=2,6,351,0,44,43,21,37
frame=2,7,351,0,44,43,21,37

[melee]
frames=3
duration=20
type=back_forth
frame=0,0,817,0,35,43,15,39
frame=0,1,852,0,35,43,15,39
frame=0,2,395,0,40,43,20,39
frame=0,3,435,0,40,43,20,39
frame=0,4,475,0,40,43,20,39
frame=0,5,887,0,35,43,20,39
frame=0,6,887,0,35,43,20,39
frame=0,7,43,0,44,43,22,39
frame=1,0,595,0,37,43,15,38
frame=1,1,632,0,37,43,15,38
frame=1,2,87,0,44,43,22,38
frame=1,3,131,0,44,43,22,38
frame=1,4,87,0,44,43,22,38
frame=1,5,669,0,37,43,22,38
frame=1,6,669,0,37,43,22,38
frame=1,7,43,0,44,43,22,38
frame=2,0,706,0,37,43,15,37
frame=2,1,743,0,37,43,15,37
frame=2,2,175,0,44,43,22,37
frame=2,3,219,0,44,43,22,37
frame=2,4,175,0,44,43,22,37
frame=2,5,780,0,37,43,22,37
frame=2,6,780,0,37,43,22,37
frame=2,7,263,0,44,43,22,37

[critdie]
frames=3
duration=60
type=play_once
frame=0,0,922,0,35,43,15,39
frame=0,1,922,0,35,43,15,39
frame=0,2,515,0,40,43,20,39
frame=0,3,515,0,40,43,20,39
frame=0,4,515,0,40,43,20,39
frame=0,5,957,0,35,43,20,39
frame=0,6,957,0,35,43,20,39
frame=0,7,307,0,44,43,22,39
frame=1,0,992,0,43,37,21,32
frame=1,1,992,0,43,37,21,32
frame=1,2,555,0,40,43,19,37
frame=1,3,555,0,40,43,19,37
frame=1,4,555,0,40,43,19,37
frame=1,5,1035,0,43,35,22,31
frame=1,6,1035,0,43,35,22,31
frame=1,7,0,0,43,44,20,39
frame=2,0,351,0,44,43,21,37
frame=2,1,351,0,44,43,21,37
frame=2,2,351,0,44,43,21,37
frame=2,3,351,0,44,43,21,37
frame=2,4,351,0,44,43,21,37
frame=2,5,351,0,44,43,21,37
frame=2,6,351,0,44,43,21,37
frame=2,7,351,0,44,43,21,37

[hit]
frames=1
duration=30
type=play_once
frame=0,0,922,0,35,43,15,39
frame=0,1,922,0,35,43,15,39
frame=0,2,515,0,40,43,20,39
frame=0,3,515,0,40,43,20,39
frame=0,4,515,0,40,43,20,39
frame=0,5,957,0,35,43,20,39
frame=0,6,957,0,35,43,20,39
frame=0,7,307,0,44,43,22,39

[block]
frames=3
duration=20
type=back_forth
frame=0,0,817,0,35,43,15,39
frame=0,1,852,0,35,43,15,39
frame=0,2,395,0,40,43,20,39
frame=0,3,435,0,40,43,20,39
frame=0,4,475,0,40,43,20,39
frame=0,5,887,0,35,43,20,39
frame=0,6,887,0,35,43,20,39
frame=0,7,43,0,44,43,22,39
frame=1,0,595,0,37,43,15,38
frame=1,1,632,0,37,43,15,38
frame=1,2,87,0,44,43,22,38
frame=1,3,131,0,44,43,22,38
frame=1,4,87,0,44,43,22,38
frame=1,5,669,0,37,43,22,38
frame=1,6,669,0,37,43,22,38
frame=1,7,43,0,44,43,22,38
frame=2,0,706,0,37,43,15,37
frame=2,1,743,0,37,43,15,37
frame=2,2,175,0,44,43,22,37
frame=2,3,219,0,44,43,22,37
frame=2,4,175,0,44,43,22,37
frame=2,5,780,0,37,43,22,37
frame=2,6,780,0,37,43,22,37
frame=2,7,263,0,44,43,22,37
