
image=images/enemies/zalkaz.png

[stance]
frames=3
duration=120
type=back_forth
frame=0,0,632,0,80,104,28,100
frame=0,1,296,0,80,106,28,100
frame=0,2,376,0,128,104,64,98
frame=0,3,376,0,128,104,64,98
frame=0,4,376,0,128,104,64,98
frame=0,5,968,0,80,100,40,94
frame=0,6,968,0,80,100,44,94
frame=0,7,504,0,128,104,64,114
frame=1,0,1048,0,72,92,28,92
frame=1,1,1048,0,72,92,28,92
frame=1,2,712,0,128,100,64,98
frame=1,3,712,0,128,100,64,98
frame=1,4,712,0,128,100,64,98
frame=1,5,1120,0,72,92,32,86
frame=1,6,1120,0,72,92,36,86
frame=1,7,840,0,128,100,64,114
frame=2,0,192,0,52,108,28,108
frame=2,1,192,0,52,108,28,108
frame=2,2,0,0,96,108,48,106
frame=2,3,0,0,96,108,48,106
frame=2,4,0,0,96,108,48,106
frame=2,5,244,0,52,108,12,102
frame=2,6,244,0,52,108,16,102
frame=2,7,96,0,96,108,48,122

[run]
frames=3
duration=120
type=back_forth
frame=0,0,632,0,80,104,28,100
frame=0,1,296,0,80,106,28,100
frame=0,2,376,0,128,104,64,98
frame=0,3,376,0,128,104,64,98
frame=0,4,376,0,128,104,64,98
frame=0,5,968,0,80,100,40,94
frame=0,6,968,0,80,100,44,94
frame=0,7,504,0,128,104,64,114
frame=1,0,1048,0,72,92,28,92
frame=1,1,1048,0,72,92,28,92
frame=1,2,712,0,128,100,64,98
frame=1,3,712,0,128,100,64,98
frame=1,4,712,0,128,100,64,98
frame=1,5,1120,0,72,92,32,86
frame=1,6,1120,0,72,92,36,86
frame=1,7,840,0,128,100,64,114
frame=2,0,192,0,52,108,28,108
frame=2,1,192,0,52,108,28,108
frame=2,2,0,0,96,108,48,106
frame=2,3,0,0,96,108,48,106
frame=2,4,0,0,96,108,48,106
frame=2,5,244,0,52,108,12,102
frame=2,6,244,0,52,108,16,102
frame=2,7,96,0,96,108,48,122

[ranged]
frames=3
duration=120
type=back_forth
frame=0,0,632,0,80,104,28,100
frame=0,1,296,0,80,106,28,100
frame=0,2,376,0,128,104,64,98
frame=0,3,376,0,128,104,64,98
frame=0,4,376,0,128,104,64,98
frame=0,5,968,0,80,100,40,94
frame=0,6,968,0,80,100,44,94
frame=0,7,504,0,128,104,64,114
frame=1,0,1048,0,72,92,28,92
frame=1,1,1048,0,72,92,28,92
frame=1,2,712,0,128,100,64,98
frame=1,3,712,0,128,100,64,98
frame=1,4,712,0,128,100,64,98
frame=1,5,1120,0,72,92,32,86
frame=1,6,1120,0,72,92,36,86
frame=1,7,840,0,128,100,64,114
frame=2,0,192,0,52,108,28,108
frame=2,1,192,0,52,108,28,108
frame=2,2,0,0,96,108,48,106
frame=2,3,0,0,96,108,48,106
frame=2,4,0,0,96,108,48,106
frame=2,5,244,0,52,108,12,102
frame=2,6,244,0,52,108,16,102
frame=2,7,96,0,96,108,48,122

[ment]
frames=3
duration=120
type=back_forth
frame=0,0,632,0,80,104,28,100
frame=0,1,296,0,80,106,28,100
frame=0,2,376,0,128,104,64,98
frame=0,3,376,0,128,104,64,98
frame=0,4,376,0,128,104,64,98
frame=0,5,968,0,80,100,40,94
frame=0,6,968,0,80,100,44,94
frame=0,7,504,0,128,104,64,114
frame=1,0,1048,0,72,92,28,92
frame=1,1,1048,0,72,92,28,92
frame=1,2,712,0,128,100,64,98
frame=1,3,712,0,128,100,64,98
frame=1,4,712,0,128,100,64,98
frame=1,5,1120,0,72,92,32,86
frame=1,6,1120,0,72,92,36,86
frame=1,7,840,0,128,100,64,114
frame=2,0,192,0,52,108,28,108
frame=2,1,192,0,52,108,28,108
frame=2,2,0,0,96,108,48,106
frame=2,3,0,0,96,108,48,106
frame=2,4,0,0,96,108,48,106
frame=2,5,244,0,52,108,12,102
frame=2,6,244,0,52,108,16,102
frame=2,7,96,0,96,108,48,122

[melee]
frames=3
duration=120
type=back_forth
frame=0,0,632,0,80,104,28,100
frame=0,1,296,0,80,106,28,100
frame=0,2,376,0,128,104,64,98
frame=0,3,376,0,128,104,64,98
frame=0,4,376,0,128,104,64,98
frame=0,5,968,0,80,100,40,94
frame=0,6,968,0,80,100,44,94
frame=0,7,504,0,128,104,64,114
frame=1,0,1048,0,72,92,28,92
frame=1,1,1048,0,72,92,28,92
frame=1,2,712,0,128,100,64,98
frame=1,3,712,0,128,100,64,98
frame=1,4,712,0,128,100,64,98
frame=1,5,1120,0,72,92,32,86
frame=1,6,1120,0,72,92,36,86
frame=1,7,840,0,128,100,64,114
frame=2,0,192,0,52,108,28,108
frame=2,1,192,0,52,108,28,108
frame=2,2,0,0,96,108,48,106
frame=2,3,0,0,96,108,48,106
frame=2,4,0,0,96,108,48,106
frame=2,5,244,0,52,108,12,102
frame=2,6,244,0,52,108,16,102
frame=2,7,96,0,96,108,48,122

[block]
frames=3
duration=120
type=back_forth
frame=0,0,632,0,80,104,28,100
frame=0,1,296,0,80,106,28,100
frame=0,2,376,0,128,104,64,98
frame=0,3,376,0,128,104,64,98
frame=0,4,376,0,128,104,64,98
frame=0,5,968,0,80,100,40,94
frame=0,6,968,0,80,100,44,94
frame=0,7,504,0,128,104,64,114
frame=1,0,1048,0,72,92,28,92
frame=1,1,1048,0,72,92,28,92
frame=1,2,712,0,128,100,64,98
frame=1,3,712,0,128,100,64,98
frame=1,4,712,0,128,100,64,98
frame=1,5,1120,0,72,92,32,86
frame=1,6,1120,0,72,92,36,86
frame=1,7,840,0,128,100,64,114
frame=2,0,192,0,52,108,28,108
frame=2,1,192,0,52,108,28,108
frame=2,2,0,0,96,108,48,106
frame=2,3,0,0,96,108,48,106
frame=2,4,0,0,96,108,48,106
frame=2,5,244,0,52,108,12,102
frame=2,6,244,0,52,108,16,102
frame=2,7,96,0,96,108,48,122
