# laurelia

img=town.png

# background 27w x 26h
# objects    20w x 16h
# buildings  21w x 24h

tile=16,0,0,32,32,32,16
tile=17,32,0,32,32,32,16
tile=18,64,0,32,32,32,16
tile=19,96,0,32,32,32,16
tile=20,128,0,32,32,32,16
tile=21,160,0,32,32,32,16
tile=22,192,0,32,32,32,16
tile=23,224,0,32,32,32,16
tile=24,256,0,32,32,32,16
tile=25,288,0,32,32,32,16
tile=26,320,0,32,32,32,16
tile=27,352,0,32,32,32,16
tile=28,384,0,32,32,32,16
tile=29,416,0,32,32,32,16
tile=30,448,0,32,32,32,16
tile=31,480,0,32,32,32,16
tile=32,512,0,32,32,32,16
tile=33,544,0,32,32,32,16
tile=34,576,0,32,32,32,16
tile=35,608,0,32,32,32,16
tile=36,640,0,32,32,32,16
tile=37,672,0,32,32,32,16
tile=38,704,0,32,32,32,16
tile=39,736,0,32,32,32,16
tile=40,768,0,32,32,32,16
tile=41,800,0,32,32,32,16
tile=43,0,32,32,32,32,16
tile=44,32,32,32,32,32,16
tile=45,64,32,32,32,32,16
tile=46,96,32,32,32,32,16
tile=47,128,32,32,32,32,16
tile=48,160,32,32,32,32,16
tile=49,192,32,32,32,32,16
tile=50,224,32,32,32,32,16
tile=51,256,32,32,32,32,16
tile=52,288,32,32,32,32,16
tile=53,320,32,32,32,32,16
tile=54,352,32,32,32,32,16
tile=55,384,32,32,32,32,16
tile=56,416,32,32,32,32,16
tile=57,448,32,32,32,32,16
tile=58,480,32,32,32,32,16
tile=59,512,32,32,32,32,16
tile=60,544,32,32,32,32,16
tile=61,576,32,32,32,32,16
tile=62,608,32,32,32,32,16
tile=63,640,32,32,32,32,16
tile=64,672,32,32,32,32,16
tile=65,704,32,32,32,32,16
tile=66,736,32,32,32,32,16
tile=67,768,32,32,32,32,16
tile=68,800,32,32,32,32,16
tile=70,0,64,32,32,32,16
tile=71,32,64,32,32,32,16
tile=72,64,64,32,32,32,16
tile=73,96,64,32,32,32,16
tile=74,128,64,32,32,32,16
tile=75,160,64,32,32,32,16
tile=76,192,64,32,32,32,16
tile=77,224,64,32,32,32,16
tile=78,256,64,32,32,32,16
tile=79,288,64,32,32,32,16
tile=80,320,64,32,32,32,16
tile=81,352,64,32,32,32,16
tile=82,384,64,32,32,32,16
tile=83,416,64,32,32,32,16
tile=84,448,64,32,32,32,16
tile=85,480,64,32,32,32,16
tile=86,512,64,32,32,32,16
tile=87,544,64,32,32,32,16
tile=88,576,64,32,32,32,16
tile=89,608,64,32,32,32,16
tile=90,640,64,32,32,32,16
tile=91,672,64,32,32,32,16
tile=92,704,64,32,32,32,16
tile=93,736,64,32,32,32,16
tile=94,768,64,32,32,32,16
tile=95,800,64,32,32,32,16
tile=97,0,96,32,32,32,16
tile=98,32,96,32,32,32,16
tile=99,64,96,32,32,32,16
tile=100,96,96,32,32,32,16
tile=101,128,96,32,32,32,16
tile=102,160,96,32,32,32,16
tile=103,192,96,32,32,32,16
tile=104,224,96,32,32,32,16
tile=105,256,96,32,32,32,16
tile=106,288,96,32,32,32,16
tile=107,320,96,32,32,32,16
tile=108,352,96,32,32,32,16
tile=109,384,96,32,32,32,16
tile=110,416,96,32,32,32,16
tile=111,448,96,32,32,32,16
tile=112,480,96,32,32,32,16
tile=113,512,96,32,32,32,16
tile=114,544,96,32,32,32,16
tile=115,576,96,32,32,32,16
tile=116,608,96,32,32,32,16
tile=117,640,96,32,32,32,16
tile=118,672,96,32,32,32,16
tile=119,704,96,32,32,32,16
tile=120,736,96,32,32,32,16
tile=121,768,96,32,32,32,16
tile=122,800,96,32,32,32,16
tile=124,0,128,32,32,32,16
tile=125,32,128,32,32,32,16
tile=126,64,128,32,32,32,16
tile=127,96,128,32,32,32,16
tile=128,128,128,32,32,32,16
tile=129,160,128,32,32,32,16
tile=130,192,128,32,32,32,16
tile=131,224,128,32,32,32,16
tile=132,256,128,32,32,32,16
tile=133,288,128,32,32,32,16
tile=134,320,128,32,32,32,16
tile=135,352,128,32,32,32,16
tile=136,384,128,32,32,32,16
tile=137,416,128,32,32,32,16
tile=138,448,128,32,32,32,16
tile=139,480,128,32,32,32,16
tile=140,512,128,32,32,32,16
tile=141,544,128,32,32,32,16
tile=142,576,128,32,32,32,16
tile=143,608,128,32,32,32,16
tile=144,640,128,32,32,32,16
tile=145,672,128,32,32,32,16
tile=146,704,128,32,32,32,16
tile=147,736,128,32,32,32,16
tile=148,768,128,32,32,32,16
tile=149,800,128,32,32,32,16
tile=151,0,160,32,32,32,16
tile=152,32,160,32,32,32,16
tile=153,64,160,32,32,32,16
tile=154,96,160,32,32,32,16
tile=155,128,160,32,32,32,16
tile=156,160,160,32,32,32,16
tile=157,192,160,32,32,32,16
tile=158,224,160,32,32,32,16
tile=159,256,160,32,32,32,16
tile=160,288,160,32,32,32,16
tile=161,320,160,32,32,32,16
tile=162,352,160,32,32,32,16
tile=163,384,160,32,32,32,16
tile=164,416,160,32,32,32,16
tile=165,448,160,32,32,32,16
tile=166,480,160,32,32,32,16
tile=167,512,160,32,32,32,16
tile=168,544,160,32,32,32,16
tile=169,576,160,32,32,32,16
tile=170,608,160,32,32,32,16
tile=171,640,160,32,32,32,16
tile=172,672,160,32,32,32,16
tile=173,704,160,32,32,32,16
tile=174,736,160,32,32,32,16
tile=175,768,160,32,32,32,16
tile=176,800,160,32,32,32,16
tile=178,0,192,32,32,32,16
tile=179,32,192,32,32,32,16
tile=180,64,192,32,32,32,16
tile=181,96,192,32,32,32,16
tile=182,128,192,32,32,32,16
tile=183,160,192,32,32,32,16
tile=184,192,192,32,32,32,16
tile=185,224,192,32,32,32,16
tile=186,256,192,32,32,32,16
tile=187,288,192,32,32,32,16
tile=188,320,192,32,32,32,16
tile=189,352,192,32,32,32,16
tile=190,384,192,32,32,32,16
tile=191,416,192,32,32,32,16
tile=192,448,192,32,32,32,16
tile=193,480,192,32,32,32,16
tile=194,512,192,32,32,32,16
tile=195,544,192,32,32,32,16
tile=196,576,192,32,32,32,16
tile=197,608,192,32,32,32,16
tile=198,640,192,32,32,32,16
tile=199,672,192,32,32,32,16
tile=200,704,192,32,32,32,16
tile=201,736,192,32,32,32,16
tile=202,768,192,32,32,32,16
tile=203,800,192,32,32,32,16
tile=205,0,224,32,32,32,16
tile=206,32,224,32,32,32,16
tile=207,64,224,32,32,32,16
tile=208,96,224,32,32,32,16
tile=209,128,224,32,32,32,16
tile=210,160,224,32,32,32,16
tile=211,192,224,32,32,32,16
tile=212,224,224,32,32,32,16
tile=213,256,224,32,32,32,16
tile=214,288,224,32,32,32,16
tile=215,320,224,32,32,32,16
tile=216,352,224,32,32,32,16
tile=217,384,224,32,32,32,16
tile=218,416,224,32,32,32,16
tile=219,448,224,32,32,32,16
tile=220,480,224,32,32,32,16
tile=221,512,224,32,32,32,16
tile=222,544,224,32,32,32,16
tile=223,576,224,32,32,32,16
tile=224,608,224,32,32,32,16
tile=225,640,224,32,32,32,16
tile=226,672,224,32,32,32,16
tile=227,704,224,32,32,32,16
tile=228,736,224,32,32,32,16
tile=229,768,224,32,32,32,16
tile=230,800,224,32,32,32,16
tile=232,0,256,32,32,32,16
tile=233,32,256,32,32,32,16
tile=234,64,256,32,32,32,16
tile=235,96,256,32,32,32,16
tile=236,128,256,32,32,32,16
tile=237,160,256,32,32,32,16
tile=238,192,256,32,32,32,16
tile=239,224,256,32,32,32,16
tile=240,256,256,32,32,32,16
tile=241,288,256,32,32,32,16
tile=242,320,256,32,32,32,16
tile=243,352,256,32,32,32,16
tile=244,384,256,32,32,32,16
tile=245,416,256,32,32,32,16
tile=246,448,256,32,32,32,16
tile=247,480,256,32,32,32,16
tile=248,512,256,32,32,32,16
tile=249,544,256,32,32,32,16
tile=250,576,256,32,32,32,16
tile=251,608,256,32,32,32,16
tile=252,640,256,32,32,32,16
tile=253,672,256,32,32,32,16
tile=254,704,256,32,32,32,16
tile=255,736,256,32,32,32,16
tile=256,768,256,32,32,32,16
tile=257,800,256,32,32,32,16
tile=259,0,288,32,32,32,16
tile=260,32,288,32,32,32,16
tile=261,64,288,32,32,32,16
tile=262,96,288,32,32,32,16
tile=263,128,288,32,32,32,16
tile=264,160,288,32,32,32,16
tile=265,192,288,32,32,32,16
tile=266,224,288,32,32,32,16
tile=267,256,288,32,32,32,16
tile=268,288,288,32,32,32,16
tile=269,320,288,32,32,32,16
tile=270,352,288,32,32,32,16
tile=271,384,288,32,32,32,16
tile=272,416,288,32,32,32,16
tile=273,448,288,32,32,32,16
tile=274,480,288,32,32,32,16
tile=275,512,288,32,32,32,16
tile=276,544,288,32,32,32,16
tile=277,576,288,32,32,32,16
tile=278,608,288,32,32,32,16
tile=279,640,288,32,32,32,16
tile=280,672,288,32,32,32,16
tile=281,704,288,32,32,32,16
tile=282,736,288,32,32,32,16
tile=283,768,288,32,32,32,16
tile=284,800,288,32,32,32,16
tile=286,0,320,32,32,32,16
tile=287,32,320,32,32,32,16
tile=288,64,320,32,32,32,16
tile=289,96,320,32,32,32,16
tile=290,128,320,32,32,32,16
tile=291,160,320,32,32,32,16
tile=292,192,320,32,32,32,16
tile=293,224,320,32,32,32,16
tile=294,256,320,32,32,32,16
tile=295,288,320,32,32,32,16
tile=296,320,320,32,32,32,16
tile=297,352,320,32,32,32,16
tile=298,384,320,32,32,32,16
tile=299,416,320,32,32,32,16
tile=300,448,320,32,32,32,16
tile=301,480,320,32,32,32,16
tile=302,512,320,32,32,32,16
tile=303,544,320,32,32,32,16
tile=304,576,320,32,32,32,16
tile=305,608,320,32,32,32,16
tile=306,640,320,32,32,32,16
tile=307,672,320,32,32,32,16
tile=308,704,320,32,32,32,16
tile=309,736,320,32,32,32,16
tile=310,768,320,32,32,32,16
tile=311,800,320,32,32,32,16
tile=313,0,352,32,32,32,16
tile=314,32,352,32,32,32,16
tile=315,64,352,32,32,32,16
tile=316,96,352,32,32,32,16
tile=317,128,352,32,32,32,16
tile=318,160,352,32,32,32,16
tile=319,192,352,32,32,32,16
tile=320,224,352,32,32,32,16
tile=321,256,352,32,32,32,16
tile=322,288,352,32,32,32,16
tile=323,320,352,32,32,32,16
tile=324,352,352,32,32,32,16
tile=325,384,352,32,32,32,16
tile=326,416,352,32,32,32,16
tile=327,448,352,32,32,32,16
tile=328,480,352,32,32,32,16
tile=329,512,352,32,32,32,16
tile=330,544,352,32,32,32,16
tile=331,576,352,32,32,32,16
tile=332,608,352,32,32,32,16
tile=333,640,352,32,32,32,16
tile=334,672,352,32,32,32,16
tile=335,704,352,32,32,32,16
tile=336,736,352,32,32,32,16
tile=337,768,352,32,32,32,16
tile=338,800,352,32,32,32,16
tile=340,0,384,32,32,32,16
tile=341,32,384,32,32,32,16
tile=342,64,384,32,32,32,16
tile=343,96,384,32,32,32,16
tile=344,128,384,32,32,32,16
tile=345,160,384,32,32,32,16
tile=346,192,384,32,32,32,16
tile=347,224,384,32,32,32,16
tile=348,256,384,32,32,32,16
tile=349,288,384,32,32,32,16
tile=350,320,384,32,32,32,16
tile=351,352,384,32,32,32,16
tile=352,384,384,32,32,32,16
tile=353,416,384,32,32,32,16
tile=354,448,384,32,32,32,16
tile=355,480,384,32,32,32,16
tile=356,512,384,32,32,32,16
tile=357,544,384,32,32,32,16
tile=358,576,384,32,32,32,16
tile=359,608,384,32,32,32,16
tile=360,640,384,32,32,32,16
tile=361,672,384,32,32,32,16
tile=362,704,384,32,32,32,16
tile=363,736,384,32,32,32,16
tile=364,768,384,32,32,32,16
tile=365,800,384,32,32,32,16
tile=367,0,416,32,32,32,16
tile=368,32,416,32,32,32,16
tile=369,64,416,32,32,32,16
tile=370,96,416,32,32,32,16
tile=371,128,416,32,32,32,16
tile=372,160,416,32,32,32,16
tile=373,192,416,32,32,32,16
tile=374,224,416,32,32,32,16
tile=375,256,416,32,32,32,16
tile=376,288,416,32,32,32,16
tile=377,320,416,32,32,32,16
tile=378,352,416,32,32,32,16
tile=379,384,416,32,32,32,16
tile=380,416,416,32,32,32,16
tile=381,448,416,32,32,32,16
tile=382,480,416,32,32,32,16
tile=383,512,416,32,32,32,16
tile=384,544,416,32,32,32,16
tile=385,576,416,32,32,32,16
tile=386,608,416,32,32,32,16
tile=387,640,416,32,32,32,16
tile=388,672,416,32,32,32,16
tile=389,704,416,32,32,32,16
tile=390,736,416,32,32,32,16
tile=391,768,416,32,32,32,16
tile=392,800,416,32,32,32,16
tile=394,0,448,32,32,32,16
tile=395,32,448,32,32,32,16
tile=396,64,448,32,32,32,16
tile=397,96,448,32,32,32,16
tile=398,128,448,32,32,32,16
tile=399,160,448,32,32,32,16
tile=400,192,448,32,32,32,16
tile=401,224,448,32,32,32,16
tile=402,256,448,32,32,32,16
tile=403,288,448,32,32,32,16
tile=404,320,448,32,32,32,16
tile=405,352,448,32,32,32,16
tile=406,384,448,32,32,32,16
tile=407,416,448,32,32,32,16
tile=408,448,448,32,32,32,16
tile=409,480,448,32,32,32,16
tile=410,512,448,32,32,32,16
tile=411,544,448,32,32,32,16
tile=412,576,448,32,32,32,16
tile=413,608,448,32,32,32,16
tile=414,640,448,32,32,32,16
tile=415,672,448,32,32,32,16
tile=416,704,448,32,32,32,16
tile=417,736,448,32,32,32,16
tile=418,768,448,32,32,32,16
tile=419,800,448,32,32,32,16
tile=421,0,480,32,32,32,16
tile=422,32,480,32,32,32,16
tile=423,64,480,32,32,32,16
tile=424,96,480,32,32,32,16
tile=425,128,480,32,32,32,16
tile=426,160,480,32,32,32,16
tile=427,192,480,32,32,32,16
tile=428,224,480,32,32,32,16
tile=429,256,480,32,32,32,16
tile=430,288,480,32,32,32,16
tile=431,320,480,32,32,32,16
tile=432,352,480,32,32,32,16
tile=433,384,480,32,32,32,16
tile=434,416,480,32,32,32,16
tile=435,448,480,32,32,32,16
tile=436,480,480,32,32,32,16
tile=437,512,480,32,32,32,16
tile=438,544,480,32,32,32,16
tile=439,576,480,32,32,32,16
tile=440,608,480,32,32,32,16
tile=441,640,480,32,32,32,16
tile=442,672,480,32,32,32,16
tile=443,704,480,32,32,32,16
tile=444,736,480,32,32,32,16
tile=445,768,480,32,32,32,16
tile=446,800,480,32,32,32,16
tile=448,0,512,32,32,32,16
tile=449,32,512,32,32,32,16
tile=450,64,512,32,32,32,16
tile=451,96,512,32,32,32,16
tile=452,128,512,32,32,32,16
tile=453,160,512,32,32,32,16
tile=454,192,512,32,32,32,16
tile=455,224,512,32,32,32,16
tile=456,256,512,32,32,32,16
tile=457,288,512,32,32,32,16
tile=458,320,512,32,32,32,16
tile=459,352,512,32,32,32,16
tile=460,384,512,32,32,32,16
tile=461,416,512,32,32,32,16
tile=462,448,512,32,32,32,16
tile=463,480,512,32,32,32,16
tile=464,512,512,32,32,32,16
tile=465,544,512,32,32,32,16
tile=466,576,512,32,32,32,16
tile=467,608,512,32,32,32,16
tile=468,640,512,32,32,32,16
tile=469,672,512,32,32,32,16
tile=470,704,512,32,32,32,16
tile=471,736,512,32,32,32,16
tile=472,768,512,32,32,32,16
tile=473,800,512,32,32,32,16
tile=475,0,544,32,32,32,16
tile=476,32,544,32,32,32,16
tile=477,64,544,32,32,32,16
tile=478,96,544,32,32,32,16
tile=479,128,544,32,32,32,16
tile=480,160,544,32,32,32,16
tile=481,192,544,32,32,32,16
tile=482,224,544,32,32,32,16
tile=483,256,544,32,32,32,16
tile=484,288,544,32,32,32,16
tile=485,320,544,32,32,32,16
tile=486,352,544,32,32,32,16
tile=487,384,544,32,32,32,16
tile=488,416,544,32,32,32,16
tile=489,448,544,32,32,32,16
tile=490,480,544,32,32,32,16
tile=491,512,544,32,32,32,16
tile=492,544,544,32,32,32,16
tile=493,576,544,32,32,32,16
tile=494,608,544,32,32,32,16
tile=495,640,544,32,32,32,16
tile=496,672,544,32,32,32,16
tile=497,704,544,32,32,32,16
tile=498,736,544,32,32,32,16
tile=499,768,544,32,32,32,16
tile=500,800,544,32,32,32,16
tile=502,0,576,32,32,32,16
tile=503,32,576,32,32,32,16
tile=504,64,576,32,32,32,16
tile=505,96,576,32,32,32,16
tile=506,128,576,32,32,32,16
tile=507,160,576,32,32,32,16
tile=508,192,576,32,32,32,16
tile=509,224,576,32,32,32,16
tile=510,256,576,32,32,32,16
tile=511,288,576,32,32,32,16
tile=512,320,576,32,32,32,16
tile=513,352,576,32,32,32,16
tile=514,384,576,32,32,32,16
tile=515,416,576,32,32,32,16
tile=516,448,576,32,32,32,16
tile=517,480,576,32,32,32,16
tile=518,512,576,32,32,32,16
tile=519,544,576,32,32,32,16
tile=520,576,576,32,32,32,16
tile=521,608,576,32,32,32,16
tile=522,640,576,32,32,32,16
tile=523,672,576,32,32,32,16
tile=524,704,576,32,32,32,16
tile=525,736,576,32,32,32,16
tile=526,768,576,32,32,32,16
tile=527,800,576,32,32,32,16
tile=529,0,608,32,32,32,16
tile=530,32,608,32,32,32,16
tile=531,64,608,32,32,32,16
tile=532,96,608,32,32,32,16
tile=533,128,608,32,32,32,16
tile=534,160,608,32,32,32,16
tile=535,192,608,32,32,32,16
tile=536,224,608,32,32,32,16
tile=537,256,608,32,32,32,16
tile=538,288,608,32,32,32,16
tile=539,320,608,32,32,32,16
tile=540,352,608,32,32,32,16
tile=541,384,608,32,32,32,16
tile=542,416,608,32,32,32,16
tile=543,448,608,32,32,32,16
tile=544,480,608,32,32,32,16
tile=545,512,608,32,32,32,16
tile=546,544,608,32,32,32,16
tile=547,576,608,32,32,32,16
tile=548,608,608,32,32,32,16
tile=549,640,608,32,32,32,16
tile=550,672,608,32,32,32,16
tile=551,704,608,32,32,32,16
tile=552,736,608,32,32,32,16
tile=553,768,608,32,32,32,16
tile=554,800,608,32,32,32,16
tile=556,0,640,32,32,32,16
tile=557,32,640,32,32,32,16
tile=558,64,640,32,32,32,16
tile=559,96,640,32,32,32,16
tile=560,128,640,32,32,32,16
tile=561,160,640,32,32,32,16
tile=562,192,640,32,32,32,16
tile=563,224,640,32,32,32,16
tile=564,256,640,32,32,32,16
tile=565,288,640,32,32,32,16
tile=566,320,640,32,32,32,16
tile=567,352,640,32,32,32,16
tile=568,384,640,32,32,32,16
tile=569,416,640,32,32,32,16
tile=570,448,640,32,32,32,16
tile=571,480,640,32,32,32,16
tile=572,512,640,32,32,32,16
tile=573,544,640,32,32,32,16
tile=574,576,640,32,32,32,16
tile=575,608,640,32,32,32,16
tile=576,640,640,32,32,32,16
tile=577,672,640,32,32,32,16
tile=578,704,640,32,32,32,16
tile=579,736,640,32,32,32,16
tile=580,768,640,32,32,32,16
tile=581,800,640,32,32,32,16
tile=583,0,672,32,32,32,16
tile=584,32,672,32,32,32,16
tile=585,64,672,32,32,32,16
tile=586,96,672,32,32,32,16
tile=587,128,672,32,32,32,16
tile=588,160,672,32,32,32,16
tile=589,192,672,32,32,32,16
tile=590,224,672,32,32,32,16
tile=591,256,672,32,32,32,16
tile=592,288,672,32,32,32,16
tile=593,320,672,32,32,32,16
tile=594,352,672,32,32,32,16
tile=595,384,672,32,32,32,16
tile=596,416,672,32,32,32,16
tile=597,448,672,32,32,32,16
tile=598,480,672,32,32,32,16
tile=599,512,672,32,32,32,16
tile=600,544,672,32,32,32,16
tile=601,576,672,32,32,32,16
tile=602,608,672,32,32,32,16
tile=603,640,672,32,32,32,16
tile=604,672,672,32,32,32,16
tile=605,704,672,32,32,32,16
tile=606,736,672,32,32,32,16
tile=607,768,672,32,32,32,16
tile=608,800,672,32,32,32,16
tile=610,0,704,32,32,32,16
tile=611,32,704,32,32,32,16
tile=612,64,704,32,32,32,16
tile=613,96,704,32,32,32,16
tile=614,128,704,32,32,32,16
tile=615,160,704,32,32,32,16
tile=616,192,704,32,32,32,16
tile=617,224,704,32,32,32,16
tile=618,256,704,32,32,32,16
tile=619,288,704,32,32,32,16
tile=620,320,704,32,32,32,16
tile=621,352,704,32,32,32,16
tile=622,384,704,32,32,32,16
tile=623,416,704,32,32,32,16
tile=624,448,704,32,32,32,16
tile=625,480,704,32,32,32,16
tile=626,512,704,32,32,32,16
tile=627,544,704,32,32,32,16
tile=628,576,704,32,32,32,16
tile=629,608,704,32,32,32,16
tile=630,640,704,32,32,32,16
tile=631,672,704,32,32,32,16
tile=632,704,704,32,32,32,16
tile=633,736,704,32,32,32,16
tile=634,768,704,32,32,32,16
tile=635,800,704,32,32,32,16
tile=637,0,736,32,32,32,16
tile=638,32,736,32,32,32,16
tile=639,64,736,32,32,32,16
tile=640,96,736,32,32,32,16
tile=641,128,736,32,32,32,16
tile=642,160,736,32,32,32,16
tile=643,192,736,32,32,32,16
tile=644,224,736,32,32,32,16
tile=645,256,736,32,32,32,16
tile=646,288,736,32,32,32,16
tile=647,320,736,32,32,32,16
tile=648,352,736,32,32,32,16
tile=649,384,736,32,32,32,16
tile=650,416,736,32,32,32,16
tile=651,448,736,32,32,32,16
tile=652,480,736,32,32,32,16
tile=653,512,736,32,32,32,16
tile=654,544,736,32,32,32,16
tile=655,576,736,32,32,32,16
tile=656,608,736,32,32,32,16
tile=657,640,736,32,32,32,16
tile=658,672,736,32,32,32,16
tile=659,704,736,32,32,32,16
tile=660,736,736,32,32,32,16
tile=661,768,736,32,32,32,16
tile=662,800,736,32,32,32,16
tile=664,0,768,32,32,32,16
tile=665,32,768,32,32,32,16
tile=666,64,768,32,32,32,16
tile=667,96,768,32,32,32,16
tile=668,128,768,32,32,32,16
tile=669,160,768,32,32,32,16
tile=670,192,768,32,32,32,16
tile=671,224,768,32,32,32,16
tile=672,256,768,32,32,32,16
tile=673,288,768,32,32,32,16
tile=674,320,768,32,32,32,16
tile=675,352,768,32,32,32,16
tile=676,384,768,32,32,32,16
tile=677,416,768,32,32,32,16
tile=678,448,768,32,32,32,16
tile=679,480,768,32,32,32,16
tile=680,512,768,32,32,32,16
tile=681,544,768,32,32,32,16
tile=682,576,768,32,32,32,16
tile=683,608,768,32,32,32,16
tile=684,640,768,32,32,32,16
tile=685,672,768,32,32,32,16
tile=686,704,768,32,32,32,16
tile=687,736,768,32,32,32,16
tile=688,768,768,32,32,32,16
tile=689,800,768,32,32,32,16
tile=691,0,800,32,32,32,16
tile=692,32,800,32,32,32,16
tile=693,64,800,32,32,32,16
tile=694,96,800,32,32,32,16
tile=695,128,800,32,32,32,16
tile=696,160,800,32,32,32,16
tile=697,192,800,32,32,32,16
tile=698,224,800,32,32,32,16
tile=699,256,800,32,32,32,16
tile=700,288,800,32,32,32,16
tile=701,320,800,32,32,32,16
tile=702,352,800,32,32,32,16
tile=703,384,800,32,32,32,16
tile=704,416,800,32,32,32,16
tile=705,448,800,32,32,32,16
tile=706,480,800,32,32,32,16
tile=707,512,800,32,32,32,16
tile=708,544,800,32,32,32,16
tile=709,576,800,32,32,32,16
tile=710,608,800,32,32,32,16
tile=711,640,800,32,32,32,16
tile=712,672,800,32,32,32,16
tile=713,704,800,32,32,32,16
tile=714,736,800,32,32,32,16
tile=715,768,800,32,32,32,16
tile=716,800,800,32,32,32,16
tile=718,0,832,32,32,32,16
tile=719,32,832,32,32,32,16
tile=720,64,832,32,32,32,16
tile=721,96,832,32,32,32,16
tile=722,128,832,32,32,32,16
tile=723,160,832,32,32,32,16
tile=724,192,832,32,32,32,16
tile=725,224,832,32,32,32,16
tile=726,256,832,32,32,32,16
tile=727,288,832,32,32,32,16
tile=728,320,832,32,32,32,16
tile=729,352,832,32,32,32,16
tile=730,384,832,32,32,32,16
tile=731,416,832,32,32,32,16
tile=732,448,832,32,32,32,16
tile=733,480,832,32,32,32,16
tile=734,512,832,32,32,32,16
tile=735,544,832,32,32,32,16
tile=736,576,832,32,32,32,16
tile=737,608,832,32,32,32,16
tile=738,640,832,32,32,32,16
tile=739,672,832,32,32,32,16
tile=740,704,832,32,32,32,16
tile=741,736,832,32,32,32,16
tile=742,768,832,32,32,32,16
tile=743,800,832,32,32,32,16


