
image=images/enemies/bat.png

[stance]
frames=3
duration=3
type=back_forth
frame=0,0,0,126,20,26,7,20
frame=0,1,0,126,20,26,7,20
frame=0,2,0,0,32,26,16,20
frame=0,3,0,0,32,26,16,20
frame=0,4,0,0,32,26,16,20
frame=0,5,0,152,20,25,10,19
frame=0,6,0,152,20,25,11,19
frame=0,7,32,0,32,26,16,24
frame=1,0,20,154,18,23,7,18
frame=1,1,20,154,18,23,7,18
frame=1,2,0,52,32,25,16,20
frame=1,3,0,52,32,25,16,20
frame=1,4,0,52,32,25,16,20
frame=1,5,38,170,18,23,8,17
frame=1,6,38,170,18,23,9,17
frame=1,7,32,52,32,25,16,24
frame=2,0,0,177,13,27,7,22
frame=2,1,0,177,13,27,7,22
frame=2,2,0,77,24,27,12,22
frame=2,3,0,77,24,27,12,22
frame=2,4,0,77,24,27,12,22
frame=2,5,13,177,13,27,3,21
frame=2,6,13,177,13,27,4,21
frame=2,7,24,77,24,27,12,26

[spawn]
frames=1
duration=3
type=back_forth
frame=0,0,0,126,20,26,7,20
frame=0,1,0,126,20,26,7,20
frame=0,2,0,0,32,26,16,20
frame=0,3,0,0,32,26,16,20
frame=0,4,0,0,32,26,16,20
frame=0,5,0,152,20,25,10,19
frame=0,6,0,152,20,25,11,19
frame=0,7,32,0,32,26,16,24

[run]
frames=3
duration=3
type=back_forth
frame=0,0,0,126,20,26,7,20
frame=0,1,0,126,20,26,7,20
frame=0,2,0,0,32,26,16,20
frame=0,3,0,0,32,26,16,20
frame=0,4,0,0,32,26,16,20
frame=0,5,0,152,20,25,10,19
frame=0,6,0,152,20,25,11,19
frame=0,7,32,0,32,26,16,24
frame=1,0,20,154,18,23,7,18
frame=1,1,20,154,18,23,7,18
frame=1,2,0,52,32,25,16,20
frame=1,3,0,52,32,25,16,20
frame=1,4,0,52,32,25,16,20
frame=1,5,38,170,18,23,8,17
frame=1,6,38,170,18,23,9,17
frame=1,7,32,52,32,25,16,24
frame=2,0,0,177,13,27,7,22
frame=2,1,0,177,13,27,7,22
frame=2,2,0,77,24,27,12,22
frame=2,3,0,77,24,27,12,22
frame=2,4,0,77,24,27,12,22
frame=2,5,13,177,13,27,3,21
frame=2,6,13,177,13,27,4,21
frame=2,7,24,77,24,27,12,26

[ranged]
frames=3
duration=3
type=back_forth
frame=0,0,0,126,20,26,7,20
frame=0,1,0,126,20,26,7,20
frame=0,2,0,0,32,26,16,20
frame=0,3,0,0,32,26,16,20
frame=0,4,0,0,32,26,16,20
frame=0,5,0,152,20,25,10,19
frame=0,6,0,152,20,25,11,19
frame=0,7,32,0,32,26,16,24
frame=1,0,20,154,18,23,7,18
frame=1,1,20,154,18,23,7,18
frame=1,2,0,52,32,25,16,20
frame=1,3,0,52,32,25,16,20
frame=1,4,0,52,32,25,16,20
frame=1,5,38,170,18,23,8,17
frame=1,6,38,170,18,23,9,17
frame=1,7,32,52,32,25,16,24
frame=2,0,0,177,13,27,7,22
frame=2,1,0,177,13,27,7,22
frame=2,2,0,77,24,27,12,22
frame=2,3,0,77,24,27,12,22
frame=2,4,0,77,24,27,12,22
frame=2,5,13,177,13,27,3,21
frame=2,6,13,177,13,27,4,21
frame=2,7,24,77,24,27,12,26

[ment]
frames=3
duration=3
type=back_forth
frame=0,0,0,126,20,26,7,20
frame=0,1,0,126,20,26,7,20
frame=0,2,0,0,32,26,16,20
frame=0,3,0,0,32,26,16,20
frame=0,4,0,0,32,26,16,20
frame=0,5,0,152,20,25,10,19
frame=0,6,0,152,20,25,11,19
frame=0,7,32,0,32,26,16,24
frame=1,0,20,154,18,23,7,18
frame=1,1,20,154,18,23,7,18
frame=1,2,0,52,32,25,16,20
frame=1,3,0,52,32,25,16,20
frame=1,4,0,52,32,25,16,20
frame=1,5,38,170,18,23,8,17
frame=1,6,38,170,18,23,9,17
frame=1,7,32,52,32,25,16,24
frame=2,0,0,177,13,27,7,22
frame=2,1,0,177,13,27,7,22
frame=2,2,0,77,24,27,12,22
frame=2,3,0,77,24,27,12,22
frame=2,4,0,77,24,27,12,22
frame=2,5,13,177,13,27,3,21
frame=2,6,13,177,13,27,4,21
frame=2,7,24,77,24,27,12,26

[die]
frames=3
duration=3
type=play_once
frame=0,0,20,128,20,26,7,20
frame=0,1,20,128,20,26,7,20
frame=0,2,0,26,32,26,16,20
frame=0,3,0,26,32,26,16,20
frame=0,4,0,26,32,26,16,20
frame=0,5,40,145,20,25,10,19
frame=0,6,40,145,20,25,10,19
frame=0,7,32,26,32,26,16,24
frame=1,0,48,77,16,18,7,17
frame=1,1,48,77,16,18,7,17
frame=1,2,24,104,22,24,9,22
frame=1,3,24,104,22,24,9,22
frame=1,4,24,104,22,24,9,22
frame=1,5,48,95,16,18,8,20
frame=1,6,48,95,16,18,8,20
frame=1,7,46,113,18,32,3,26
frame=2,0,0,104,24,22,12,16
frame=2,1,0,104,24,22,12,16
frame=2,2,0,104,24,22,12,16
frame=2,3,0,104,24,22,12,16
frame=2,4,0,104,24,22,12,16
frame=2,5,0,104,24,22,12,16
frame=2,6,0,104,24,22,12,16
frame=2,7,0,104,24,22,12,16

[melee]
frames=3
duration=3
type=back_forth
frame=0,0,0,126,20,26,7,20
frame=0,1,0,126,20,26,7,20
frame=0,2,0,0,32,26,16,20
frame=0,3,0,0,32,26,16,20
frame=0,4,0,0,32,26,16,20
frame=0,5,0,152,20,25,10,19
frame=0,6,0,152,20,25,11,19
frame=0,7,32,0,32,26,16,24
frame=1,0,20,154,18,23,7,18
frame=1,1,20,154,18,23,7,18
frame=1,2,0,52,32,25,16,20
frame=1,3,0,52,32,25,16,20
frame=1,4,0,52,32,25,16,20
frame=1,5,38,170,18,23,8,17
frame=1,6,38,170,18,23,9,17
frame=1,7,32,52,32,25,16,24
frame=2,0,0,177,13,27,7,22
frame=2,1,0,177,13,27,7,22
frame=2,2,0,77,24,27,12,22
frame=2,3,0,77,24,27,12,22
frame=2,4,0,77,24,27,12,22
frame=2,5,13,177,13,27,3,21
frame=2,6,13,177,13,27,4,21
frame=2,7,24,77,24,27,12,26

[critdie]
frames=3
duration=3
type=play_once
frame=0,0,20,128,20,26,7,20
frame=0,1,20,128,20,26,7,20
frame=0,2,0,26,32,26,16,20
frame=0,3,0,26,32,26,16,20
frame=0,4,0,26,32,26,16,20
frame=0,5,40,145,20,25,10,19
frame=0,6,40,145,20,25,10,19
frame=0,7,32,26,32,26,16,24
frame=1,0,48,77,16,18,7,17
frame=1,1,48,77,16,18,7,17
frame=1,2,24,104,22,24,9,22
frame=1,3,24,104,22,24,9,22
frame=1,4,24,104,22,24,9,22
frame=1,5,48,95,16,18,8,20
frame=1,6,48,95,16,18,8,20
frame=1,7,46,113,18,32,3,26
frame=2,0,0,104,24,22,12,16
frame=2,1,0,104,24,22,12,16
frame=2,2,0,104,24,22,12,16
frame=2,3,0,104,24,22,12,16
frame=2,4,0,104,24,22,12,16
frame=2,5,0,104,24,22,12,16
frame=2,6,0,104,24,22,12,16
frame=2,7,0,104,24,22,12,16

[hit]
frames=1
duration=3
type=play_once
frame=0,0,20,128,20,26,7,20
frame=0,1,20,128,20,26,7,20
frame=0,2,0,26,32,26,16,20
frame=0,3,0,26,32,26,16,20
frame=0,4,0,26,32,26,16,20
frame=0,5,40,145,20,25,10,19
frame=0,6,40,145,20,25,10,19
frame=0,7,32,26,32,26,16,24

[block]
frames=3
duration=3
type=back_forth
frame=0,0,0,126,20,26,7,20
frame=0,1,0,126,20,26,7,20
frame=0,2,0,0,32,26,16,20
frame=0,3,0,0,32,26,16,20
frame=0,4,0,0,32,26,16,20
frame=0,5,0,152,20,25,10,19
frame=0,6,0,152,20,25,11,19
frame=0,7,32,0,32,26,16,24
frame=1,0,20,154,18,23,7,18
frame=1,1,20,154,18,23,7,18
frame=1,2,0,52,32,25,16,20
frame=1,3,0,52,32,25,16,20
frame=1,4,0,52,32,25,16,20
frame=1,5,38,170,18,23,8,17
frame=1,6,38,170,18,23,9,17
frame=1,7,32,52,32,25,16,24
frame=2,0,0,177,13,27,7,22
frame=2,1,0,177,13,27,7,22
frame=2,2,0,77,24,27,12,22
frame=2,3,0,77,24,27,12,22
frame=2,4,0,77,24,27,12,22
frame=2,5,13,177,13,27,3,21
frame=2,6,13,177,13,27,4,21
frame=2,7,24,77,24,27,12,26
