
image=images/enemies/beetle.png

[stance]
frames=1
duration=100ms
type=back_forth
frame=0,0,0,0,34,20,16,19
frame=0,1,0,0,34,20,16,19
frame=0,2,34,141,28,27,14,25
frame=0,3,34,141,28,27,14,25
frame=0,4,34,141,28,27,14,25
frame=0,5,0,20,34,20,18,19
frame=0,6,0,20,34,20,18,19
frame=0,7,34,29,28,28,14,30

[run]
frames=3
duration=300ms
type=back_forth
frame=0,0,0,0,34,20,16,19
frame=0,1,0,0,34,20,16,19
frame=0,2,34,141,28,27,14,25
frame=0,3,34,141,28,27,14,25
frame=0,4,34,141,28,27,14,25
frame=0,5,0,20,34,20,18,19
frame=0,6,0,20,34,20,18,19
frame=0,7,34,29,28,28,14,30
frame=1,0,0,40,34,20,16,19
frame=1,1,0,40,34,20,16,19
frame=1,2,34,168,28,27,14,25
frame=1,3,34,168,28,27,14,25
frame=1,4,34,168,28,27,14,25
frame=1,5,0,60,34,20,18,19
frame=1,6,0,60,34,20,18,19
frame=1,7,34,57,28,28,14,30
frame=2,0,0,80,34,20,16,19
frame=2,1,0,80,34,20,16,19
frame=2,2,34,195,28,27,14,25
frame=2,3,34,195,28,27,14,25
frame=2,4,34,195,28,27,14,25
frame=2,5,0,100,34,20,18,19
frame=2,6,0,100,34,20,18,19
frame=2,7,34,85,28,28,14,30

[shoot]
frames=3
duration=300ms
type=back_forth
frame=0,0,0,0,34,20,16,19
frame=0,1,0,0,34,20,16,19
frame=0,2,34,141,28,27,14,25
frame=0,3,34,141,28,27,14,25
frame=0,4,34,141,28,27,14,25
frame=0,5,0,20,34,20,18,19
frame=0,6,0,20,34,20,18,19
frame=0,7,34,29,28,28,14,30
frame=1,0,0,40,34,20,16,19
frame=1,1,0,40,34,20,16,19
frame=1,2,34,168,28,27,14,25
frame=1,3,34,168,28,27,14,25
frame=1,4,34,168,28,27,14,25
frame=1,5,0,60,34,20,18,19
frame=1,6,0,60,34,20,18,19
frame=1,7,34,57,28,28,14,30
frame=2,0,0,80,34,20,16,19
frame=2,1,0,80,34,20,16,19
frame=2,2,34,195,28,27,14,25
frame=2,3,34,195,28,27,14,25
frame=2,4,34,195,28,27,14,25
frame=2,5,0,100,34,20,18,19
frame=2,6,0,100,34,20,18,19
frame=2,7,34,85,28,28,14,30

[cast]
frames=3
duration=300ms
type=back_forth
frame=0,0,0,0,34,20,16,19
frame=0,1,0,0,34,20,16,19
frame=0,2,34,141,28,27,14,25
frame=0,3,34,141,28,27,14,25
frame=0,4,34,141,28,27,14,25
frame=0,5,0,20,34,20,18,19
frame=0,6,0,20,34,20,18,19
frame=0,7,34,29,28,28,14,30
frame=1,0,0,40,34,20,16,19
frame=1,1,0,40,34,20,16,19
frame=1,2,34,168,28,27,14,25
frame=1,3,34,168,28,27,14,25
frame=1,4,34,168,28,27,14,25
frame=1,5,0,60,34,20,18,19
frame=1,6,0,60,34,20,18,19
frame=1,7,34,57,28,28,14,30
frame=2,0,0,80,34,20,16,19
frame=2,1,0,80,34,20,16,19
frame=2,2,34,195,28,27,14,25
frame=2,3,34,195,28,27,14,25
frame=2,4,34,195,28,27,14,25
frame=2,5,0,100,34,20,18,19
frame=2,6,0,100,34,20,18,19
frame=2,7,34,85,28,28,14,30

[die]
frames=1
duration=100ms
type=play_once
frame=0,0,0,200,34,20,18,20
frame=0,1,0,200,34,20,18,20
frame=0,2,0,200,34,20,18,20
frame=0,3,0,200,34,20,18,20
frame=0,4,0,200,34,20,18,20
frame=0,5,0,200,34,20,18,20
frame=0,6,0,200,34,20,18,20
frame=0,7,0,200,34,20,18,20

[swing]
frames=2
duration=200ms
type=back_forth
frame=0,0,0,120,34,20,14,19
frame=0,1,0,120,34,20,14,19
frame=0,2,0,220,28,27,14,24
frame=0,3,0,220,28,27,14,24
frame=0,4,0,220,28,27,14,24
frame=0,5,0,140,34,20,20,19
frame=0,6,0,140,34,20,20,19
frame=0,7,34,0,28,29,14,31
frame=1,0,0,160,34,20,18,19
frame=1,1,0,160,34,20,18,19
frame=1,2,28,222,28,27,14,28
frame=1,3,28,222,28,27,14,28
frame=1,4,28,222,28,27,14,28
frame=1,5,0,180,34,20,16,19
frame=1,6,0,180,34,20,16,19
frame=1,7,34,113,28,28,14,27

[critdie]
frames=3
duration=300ms
type=play_once
frame=0,0,0,120,34,20,14,19
frame=0,1,0,120,34,20,14,19
frame=0,2,0,220,28,27,14,24
frame=0,3,0,220,28,27,14,24
frame=0,4,0,220,28,27,14,24
frame=0,5,0,140,34,20,20,19
frame=0,6,0,140,34,20,20,19
frame=0,7,34,0,28,29,14,31
frame=1,0,0,160,34,20,18,19
frame=1,1,0,160,34,20,18,19
frame=1,2,28,222,28,27,14,28
frame=1,3,28,222,28,27,14,28
frame=1,4,28,222,28,27,14,28
frame=1,5,0,180,34,20,16,19
frame=1,6,0,180,34,20,16,19
frame=1,7,34,113,28,28,14,27

[hit]
frames=1
duration=100ms
type=play_once
frame=0,0,0,160,34,20,18,19
frame=0,1,0,160,34,20,18,19
frame=0,2,28,222,28,27,14,28
frame=0,3,28,222,28,27,14,28
frame=0,4,28,222,28,27,14,28
frame=0,5,0,180,34,20,16,19
frame=0,6,0,180,34,20,16,19
frame=0,7,34,113,28,28,14,27

[block]
frames=3
duration=300ms
type=back_forth
frame=0,0,0,0,34,20,16,19
frame=0,1,0,0,34,20,16,19
frame=0,2,34,141,28,27,14,25
frame=0,3,34,141,28,27,14,25
frame=0,4,34,141,28,27,14,25
frame=0,5,0,20,34,20,18,19
frame=0,6,0,20,34,20,18,19
frame=0,7,34,29,28,28,14,30
frame=1,0,0,40,34,20,16,19
frame=1,1,0,40,34,20,16,19
frame=1,2,34,168,28,27,14,25
frame=1,3,34,168,28,27,14,25
frame=1,4,34,168,28,27,14,25
frame=1,5,0,60,34,20,18,19
frame=1,6,0,60,34,20,18,19
frame=1,7,34,57,28,28,14,30
frame=2,0,0,80,34,20,16,19
frame=2,1,0,80,34,20,16,19
frame=2,2,34,195,28,27,14,25
frame=2,3,34,195,28,27,14,25
frame=2,4,34,195,28,27,14,25
frame=2,5,0,100,34,20,18,19
frame=2,6,0,100,34,20,18,19
frame=2,7,34,85,28,28,14,30
