
image=images/enemies/combat_dummy.png

[stance]
frames=1
duration=100ms
type=back_forth
frame=0,0,0,0,59,55,30,53
frame=0,1,0,0,59,55,30,53
frame=0,2,0,0,59,55,30,53
frame=0,3,0,0,59,55,30,53
frame=0,4,0,0,59,55,30,53
frame=0,5,0,0,59,55,30,53
frame=0,6,0,0,59,55,30,53
frame=0,7,0,0,59,55,30,53

[run]
frames=1
duration=100ms
type=looped
frame=0,0,0,0,59,55,30,53
frame=0,1,0,0,59,55,30,53
frame=0,2,0,0,59,55,30,53
frame=0,3,0,0,59,55,30,53
frame=0,4,0,0,59,55,30,53
frame=0,5,0,0,59,55,30,53
frame=0,6,0,0,59,55,30,53
frame=0,7,0,0,59,55,30,53

[shoot]
frames=1
duration=100ms
type=play_once
frame=0,0,0,0,59,55,30,53
frame=0,1,0,0,59,55,30,53
frame=0,2,0,0,59,55,30,53
frame=0,3,0,0,59,55,30,53
frame=0,4,0,0,59,55,30,53
frame=0,5,0,0,59,55,30,53
frame=0,6,0,0,59,55,30,53
frame=0,7,0,0,59,55,30,53

[cast]
frames=1
duration=100ms
type=play_once
frame=0,0,0,0,59,55,30,53
frame=0,1,0,0,59,55,30,53
frame=0,2,0,0,59,55,30,53
frame=0,3,0,0,59,55,30,53
frame=0,4,0,0,59,55,30,53
frame=0,5,0,0,59,55,30,53
frame=0,6,0,0,59,55,30,53
frame=0,7,0,0,59,55,30,53

[die]
frames=1
duration=100ms
type=play_once
frame=0,0,0,0,59,55,30,53
frame=0,1,0,0,59,55,30,53
frame=0,2,0,0,59,55,30,53
frame=0,3,0,0,59,55,30,53
frame=0,4,0,0,59,55,30,53
frame=0,5,0,0,59,55,30,53
frame=0,6,0,0,59,55,30,53
frame=0,7,0,0,59,55,30,53

[swing]
frames=1
duration=100ms
type=play_once
frame=0,0,0,0,59,55,30,53
frame=0,1,0,0,59,55,30,53
frame=0,2,0,0,59,55,30,53
frame=0,3,0,0,59,55,30,53
frame=0,4,0,0,59,55,30,53
frame=0,5,0,0,59,55,30,53
frame=0,6,0,0,59,55,30,53
frame=0,7,0,0,59,55,30,53

[hit]
frames=8
duration=800ms
type=play_once
frame=0,0,0,0,59,55,30,53
frame=0,1,0,0,59,55,30,53
frame=0,2,0,0,59,55,30,53
frame=0,3,0,0,59,55,30,53
frame=0,4,0,0,59,55,30,53
frame=0,5,0,0,59,55,30,53
frame=0,6,0,0,59,55,30,53
frame=0,7,0,0,59,55,30,53
frame=1,0,59,0,46,54,22,52
frame=1,1,59,0,46,54,22,52
frame=1,2,59,0,46,54,22,52
frame=1,3,59,0,46,54,22,52
frame=1,4,59,0,46,54,22,52
frame=1,5,59,0,46,54,22,52
frame=1,6,59,0,46,54,22,52
frame=1,7,59,0,46,54,22,52
frame=2,0,148,0,19,54,10,52
frame=2,1,148,0,19,54,10,52
frame=2,2,148,0,19,54,10,52
frame=2,3,148,0,19,54,10,52
frame=2,4,148,0,19,54,10,52
frame=2,5,148,0,19,54,10,52
frame=2,6,148,0,19,54,10,52
frame=2,7,148,0,19,54,10,52
frame=3,0,59,54,45,54,23,52
frame=3,1,59,54,45,54,23,52
frame=3,2,59,54,45,54,23,52
frame=3,3,59,54,45,54,23,52
frame=3,4,59,54,45,54,23,52
frame=3,5,59,54,45,54,23,52
frame=3,6,59,54,45,54,23,52
frame=3,7,59,54,45,54,23,52
frame=4,0,0,55,59,55,29,53
frame=4,1,0,55,59,55,29,53
frame=4,2,0,55,59,55,29,53
frame=4,3,0,55,59,55,29,53
frame=4,4,0,55,59,55,29,53
frame=4,5,0,55,59,55,29,53
frame=4,6,0,55,59,55,29,53
frame=4,7,0,55,59,55,29,53
frame=5,0,104,54,43,54,21,52
frame=5,1,104,54,43,54,21,52
frame=5,2,104,54,43,54,21,52
frame=5,3,104,54,43,54,21,52
frame=5,4,104,54,43,54,21,52
frame=5,5,104,54,43,54,21,52
frame=5,6,104,54,43,54,21,52
frame=5,7,104,54,43,54,21,52
frame=6,0,147,54,20,54,10,52
frame=6,1,147,54,20,54,10,52
frame=6,2,147,54,20,54,10,52
frame=6,3,147,54,20,54,10,52
frame=6,4,147,54,20,54,10,52
frame=6,5,147,54,20,54,10,52
frame=6,6,147,54,20,54,10,52
frame=6,7,147,54,20,54,10,52
frame=7,0,105,0,43,54,22,52
frame=7,1,105,0,43,54,22,52
frame=7,2,105,0,43,54,22,52
frame=7,3,105,0,43,54,22,52
frame=7,4,105,0,43,54,22,52
frame=7,5,105,0,43,54,22,52
frame=7,6,105,0,43,54,22,52
frame=7,7,105,0,43,54,22,52

[block]
frames=1
duration=100ms
type=play_once
frame=0,0,0,0,59,55,30,53
frame=0,1,0,0,59,55,30,53
frame=0,2,0,0,59,55,30,53
frame=0,3,0,0,59,55,30,53
frame=0,4,0,0,59,55,30,53
frame=0,5,0,0,59,55,30,53
frame=0,6,0,0,59,55,30,53
frame=0,7,0,0,59,55,30,53
