
image=images/enemies/firebat.png

[stance]
frames=3
duration=3
type=back_forth
frame=0,0,126,0,40,52,14,47
frame=0,1,48,108,40,53,14,47
frame=0,2,62,0,64,52,32,46
frame=0,3,62,0,64,52,32,46
frame=0,4,62,0,64,52,32,46
frame=0,5,184,204,40,50,20,44
frame=0,6,184,204,40,50,22,44
frame=0,7,62,52,64,52,32,54
frame=1,0,112,208,36,46,14,43
frame=1,1,112,208,36,46,14,43
frame=1,2,152,104,64,50,32,46
frame=1,3,152,104,64,50,32,46
frame=1,4,152,104,64,50,32,46
frame=1,5,148,208,36,46,16,40
frame=1,6,148,208,36,46,18,40
frame=1,7,152,154,64,50,32,54
frame=2,0,36,0,26,54,14,51
frame=2,1,36,0,26,54,14,51
frame=2,2,0,128,48,54,24,50
frame=2,3,0,128,48,54,24,50
frame=2,4,0,128,48,54,24,50
frame=2,5,36,54,26,54,6,48
frame=2,6,36,54,26,54,8,48
frame=2,7,0,182,48,54,24,58

[run]
frames=3
duration=3
type=back_forth
frame=0,0,126,0,40,52,14,47
frame=0,1,48,108,40,53,14,47
frame=0,2,62,0,64,52,32,46
frame=0,3,62,0,64,52,32,46
frame=0,4,62,0,64,52,32,46
frame=0,5,184,204,40,50,20,44
frame=0,6,184,204,40,50,22,44
frame=0,7,62,52,64,52,32,54
frame=1,0,112,208,36,46,14,43
frame=1,1,112,208,36,46,14,43
frame=1,2,152,104,64,50,32,46
frame=1,3,152,104,64,50,32,46
frame=1,4,152,104,64,50,32,46
frame=1,5,148,208,36,46,16,40
frame=1,6,148,208,36,46,18,40
frame=1,7,152,154,64,50,32,54
frame=2,0,36,0,26,54,14,51
frame=2,1,36,0,26,54,14,51
frame=2,2,0,128,48,54,24,50
frame=2,3,0,128,48,54,24,50
frame=2,4,0,128,48,54,24,50
frame=2,5,36,54,26,54,6,48
frame=2,6,36,54,26,54,8,48
frame=2,7,0,182,48,54,24,58

[ranged]
frames=3
duration=3
type=back_forth
frame=0,0,126,0,40,52,14,47
frame=0,1,48,108,40,53,14,47
frame=0,2,62,0,64,52,32,46
frame=0,3,62,0,64,52,32,46
frame=0,4,62,0,64,52,32,46
frame=0,5,184,204,40,50,20,44
frame=0,6,184,204,40,50,22,44
frame=0,7,62,52,64,52,32,54
frame=1,0,112,208,36,46,14,43
frame=1,1,112,208,36,46,14,43
frame=1,2,152,104,64,50,32,46
frame=1,3,152,104,64,50,32,46
frame=1,4,152,104,64,50,32,46
frame=1,5,148,208,36,46,16,40
frame=1,6,148,208,36,46,18,40
frame=1,7,152,154,64,50,32,54
frame=2,0,36,0,26,54,14,51
frame=2,1,36,0,26,54,14,51
frame=2,2,0,128,48,54,24,50
frame=2,3,0,128,48,54,24,50
frame=2,4,0,128,48,54,24,50
frame=2,5,36,54,26,54,6,48
frame=2,6,36,54,26,54,8,48
frame=2,7,0,182,48,54,24,58

[ment]
frames=3
duration=3
type=back_forth
frame=0,0,126,0,40,52,14,47
frame=0,1,48,108,40,53,14,47
frame=0,2,62,0,64,52,32,46
frame=0,3,62,0,64,52,32,46
frame=0,4,62,0,64,52,32,46
frame=0,5,184,204,40,50,20,44
frame=0,6,184,204,40,50,22,44
frame=0,7,62,52,64,52,32,54
frame=1,0,112,208,36,46,14,43
frame=1,1,112,208,36,46,14,43
frame=1,2,152,104,64,50,32,46
frame=1,3,152,104,64,50,32,46
frame=1,4,152,104,64,50,32,46
frame=1,5,148,208,36,46,16,40
frame=1,6,148,208,36,46,18,40
frame=1,7,152,154,64,50,32,54
frame=2,0,36,0,26,54,14,51
frame=2,1,36,0,26,54,14,51
frame=2,2,0,128,48,54,24,50
frame=2,3,0,128,48,54,24,50
frame=2,4,0,128,48,54,24,50
frame=2,5,36,54,26,54,6,48
frame=2,6,36,54,26,54,8,48
frame=2,7,0,182,48,54,24,58

[die]
frames=3
duration=3
type=play_once
frame=0,0,126,52,40,52,14,47
frame=0,1,48,161,40,53,14,47
frame=0,2,88,104,64,52,32,46
frame=0,3,88,104,64,52,32,46
frame=0,4,88,104,64,52,32,46
frame=0,5,166,0,40,50,20,44
frame=0,6,166,0,40,50,22,44
frame=0,7,88,156,64,52,32,54
frame=1,0,48,214,32,36,14,40
frame=1,1,48,214,32,36,14,40
frame=1,2,0,0,36,64,15,58
frame=1,3,0,0,36,64,15,58
frame=1,4,0,0,36,64,15,58
frame=1,5,80,214,32,36,13,45
frame=1,6,80,214,32,36,13,45
frame=1,7,0,64,36,64,7,58
frame=2,0,166,50,48,44,24,38
frame=2,1,166,50,48,44,24,38
frame=2,2,166,50,48,44,24,38
frame=2,3,166,50,48,44,24,38
frame=2,4,166,50,48,44,24,38
frame=2,5,166,50,48,44,24,38
frame=2,6,166,50,48,44,24,38
frame=2,7,166,50,48,44,24,38

[melee]
frames=3
duration=3
type=back_forth
frame=0,0,126,0,40,52,14,47
frame=0,1,48,108,40,53,14,47
frame=0,2,62,0,64,52,32,46
frame=0,3,62,0,64,52,32,46
frame=0,4,62,0,64,52,32,46
frame=0,5,184,204,40,50,20,44
frame=0,6,184,204,40,50,22,44
frame=0,7,62,52,64,52,32,54
frame=1,0,112,208,36,46,14,43
frame=1,1,112,208,36,46,14,43
frame=1,2,152,104,64,50,32,46
frame=1,3,152,104,64,50,32,46
frame=1,4,152,104,64,50,32,46
frame=1,5,148,208,36,46,16,40
frame=1,6,148,208,36,46,18,40
frame=1,7,152,154,64,50,32,54
frame=2,0,36,0,26,54,14,51
frame=2,1,36,0,26,54,14,51
frame=2,2,0,128,48,54,24,50
frame=2,3,0,128,48,54,24,50
frame=2,4,0,128,48,54,24,50
frame=2,5,36,54,26,54,6,48
frame=2,6,36,54,26,54,8,48
frame=2,7,0,182,48,54,24,58

[critdie]
frames=3
duration=3
type=play_once
frame=0,0,126,52,40,52,14,47
frame=0,1,48,161,40,53,14,47
frame=0,2,88,104,64,52,32,46
frame=0,3,88,104,64,52,32,46
frame=0,4,88,104,64,52,32,46
frame=0,5,166,0,40,50,20,44
frame=0,6,166,0,40,50,22,44
frame=0,7,88,156,64,52,32,54
frame=1,0,48,214,32,36,14,40
frame=1,1,48,214,32,36,14,40
frame=1,2,0,0,36,64,15,58
frame=1,3,0,0,36,64,15,58
frame=1,4,0,0,36,64,15,58
frame=1,5,80,214,32,36,13,45
frame=1,6,80,214,32,36,13,45
frame=1,7,0,64,36,64,7,58
frame=2,0,166,50,48,44,24,38
frame=2,1,166,50,48,44,24,38
frame=2,2,166,50,48,44,24,38
frame=2,3,166,50,48,44,24,38
frame=2,4,166,50,48,44,24,38
frame=2,5,166,50,48,44,24,38
frame=2,6,166,50,48,44,24,38
frame=2,7,166,50,48,44,24,38

[hit]
frames=1
duration=3
type=play_once
frame=0,0,126,52,40,52,14,47
frame=0,1,48,161,40,53,14,47
frame=0,2,88,104,64,52,32,46
frame=0,3,88,104,64,52,32,46
frame=0,4,88,104,64,52,32,46
frame=0,5,166,0,40,50,20,44
frame=0,6,166,0,40,50,22,44
frame=0,7,88,156,64,52,32,54

[block]
frames=3
duration=3
type=back_forth
frame=0,0,126,0,40,52,14,47
frame=0,1,48,108,40,53,14,47
frame=0,2,62,0,64,52,32,46
frame=0,3,62,0,64,52,32,46
frame=0,4,62,0,64,52,32,46
frame=0,5,184,204,40,50,20,44
frame=0,6,184,204,40,50,22,44
frame=0,7,62,52,64,52,32,54
frame=1,0,112,208,36,46,14,43
frame=1,1,112,208,36,46,14,43
frame=1,2,152,104,64,50,32,46
frame=1,3,152,104,64,50,32,46
frame=1,4,152,104,64,50,32,46
frame=1,5,148,208,36,46,16,40
frame=1,6,148,208,36,46,18,40
frame=1,7,152,154,64,50,32,54
frame=2,0,36,0,26,54,14,51
frame=2,1,36,0,26,54,14,51
frame=2,2,0,128,48,54,24,50
frame=2,3,0,128,48,54,24,50
frame=2,4,0,128,48,54,24,50
frame=2,5,36,54,26,54,6,48
frame=2,6,36,54,26,54,8,48
frame=2,7,0,182,48,54,24,58
