
image=images/enemies/ghost.png

[stance]
frames=3
duration=3
type=back_forth
frame=0,0,70,44,32,46,15,40
frame=0,1,70,44,32,46,15,40
frame=0,2,36,0,34,46,17,40
frame=0,3,36,0,34,46,17,40
frame=0,4,36,0,34,46,17,40
frame=0,5,34,92,32,46,17,40
frame=0,6,34,92,32,46,17,40
frame=0,7,0,92,34,46,17,40
frame=1,0,66,138,32,45,15,39
frame=1,1,34,138,32,46,15,40
frame=1,2,0,0,36,46,18,40
frame=1,3,0,0,36,46,18,40
frame=1,4,0,0,36,46,18,40
frame=1,5,102,44,32,46,17,40
frame=1,6,102,44,32,46,17,40
frame=1,7,0,46,36,46,18,40
frame=2,0,98,90,32,44,15,38
frame=2,1,98,90,32,44,15,38
frame=2,2,70,0,36,44,18,38
frame=2,3,70,0,36,44,18,38
frame=2,4,70,0,36,44,18,38
frame=2,5,98,134,32,44,17,38
frame=2,6,98,134,32,44,17,38
frame=2,7,106,0,36,44,18,38

[spawn]
frames=1
duration=3
type=back_forth
frame=0,0,70,44,32,46,15,40
frame=0,1,70,44,32,46,15,40
frame=0,2,36,0,34,46,17,40
frame=0,3,36,0,34,46,17,40
frame=0,4,36,0,34,46,17,40
frame=0,5,34,92,32,46,17,40
frame=0,6,34,92,32,46,17,40
frame=0,7,0,92,34,46,17,40

[shoot]
frames=3
duration=3
type=back_forth
frame=0,0,70,44,32,46,15,40
frame=0,1,70,44,32,46,15,40
frame=0,2,36,0,34,46,17,40
frame=0,3,36,0,34,46,17,40
frame=0,4,36,0,34,46,17,40
frame=0,5,34,92,32,46,17,40
frame=0,6,34,92,32,46,17,40
frame=0,7,0,92,34,46,17,40
frame=1,0,66,138,32,45,15,39
frame=1,1,34,138,32,46,15,40
frame=1,2,0,0,36,46,18,40
frame=1,3,0,0,36,46,18,40
frame=1,4,0,0,36,46,18,40
frame=1,5,102,44,32,46,17,40
frame=1,6,102,44,32,46,17,40
frame=1,7,0,46,36,46,18,40
frame=2,0,98,90,32,44,15,38
frame=2,1,98,90,32,44,15,38
frame=2,2,70,0,36,44,18,38
frame=2,3,70,0,36,44,18,38
frame=2,4,70,0,36,44,18,38
frame=2,5,98,134,32,44,17,38
frame=2,6,98,134,32,44,17,38
frame=2,7,106,0,36,44,18,38

[run]
frames=3
duration=3
type=back_forth
frame=0,0,70,44,32,46,15,40
frame=0,1,70,44,32,46,15,40
frame=0,2,36,0,34,46,17,40
frame=0,3,36,0,34,46,17,40
frame=0,4,36,0,34,46,17,40
frame=0,5,34,92,32,46,17,40
frame=0,6,34,92,32,46,17,40
frame=0,7,0,92,34,46,17,40
frame=1,0,66,138,32,45,15,39
frame=1,1,34,138,32,46,15,40
frame=1,2,0,0,36,46,18,40
frame=1,3,0,0,36,46,18,40
frame=1,4,0,0,36,46,18,40
frame=1,5,102,44,32,46,17,40
frame=1,6,102,44,32,46,17,40
frame=1,7,0,46,36,46,18,40
frame=2,0,98,90,32,44,15,38
frame=2,1,98,90,32,44,15,38
frame=2,2,70,0,36,44,18,38
frame=2,3,70,0,36,44,18,38
frame=2,4,70,0,36,44,18,38
frame=2,5,98,134,32,44,17,38
frame=2,6,98,134,32,44,17,38
frame=2,7,106,0,36,44,18,38

[die]
frames=3
duration=3
type=play_once
frame=0,0,134,44,32,46,15,40
frame=0,1,134,44,32,46,15,40
frame=0,2,36,46,34,46,17,40
frame=0,3,36,46,34,46,17,40
frame=0,4,36,46,34,46,17,40
frame=0,5,66,92,32,46,17,40
frame=0,6,66,92,32,46,17,40
frame=0,7,0,138,34,46,17,40
frame=1,0,130,122,36,32,16,29
frame=1,1,130,154,36,32,16,29
frame=1,2,72,183,36,39,18,34
frame=1,3,72,183,36,39,18,34
frame=1,4,72,183,36,39,18,34
frame=1,5,130,90,37,32,17,31
frame=1,6,130,90,37,32,17,31
frame=1,7,108,186,39,36,19,32
frame=2,0,0,184,36,38,18,34
frame=2,1,36,184,36,38,18,34
frame=2,2,36,184,36,38,18,34
frame=2,3,36,184,36,38,18,34
frame=2,4,0,184,36,38,18,34
frame=2,5,36,184,36,38,18,34
frame=2,6,0,184,36,38,18,34
frame=2,7,36,184,36,38,18,34

[critdie]
frames=3
duration=3
type=play_once
frame=0,0,134,44,32,46,15,40
frame=0,1,134,44,32,46,15,40
frame=0,2,36,46,34,46,17,40
frame=0,3,36,46,34,46,17,40
frame=0,4,36,46,34,46,17,40
frame=0,5,66,92,32,46,17,40
frame=0,6,66,92,32,46,17,40
frame=0,7,0,138,34,46,17,40
frame=1,0,130,122,36,32,16,29
frame=1,1,130,154,36,32,16,29
frame=1,2,72,183,36,39,18,34
frame=1,3,72,183,36,39,18,34
frame=1,4,72,183,36,39,18,34
frame=1,5,130,90,37,32,17,31
frame=1,6,130,90,37,32,17,31
frame=1,7,108,186,39,36,19,32
frame=2,0,0,184,36,38,18,34
frame=2,1,36,184,36,38,18,34
frame=2,2,36,184,36,38,18,34
frame=2,3,36,184,36,38,18,34
frame=2,4,0,184,36,38,18,34
frame=2,5,36,184,36,38,18,34
frame=2,6,0,184,36,38,18,34
frame=2,7,36,184,36,38,18,34

[cast]
frames=3
duration=3
type=back_forth
frame=0,0,70,44,32,46,15,40
frame=0,1,70,44,32,46,15,40
frame=0,2,36,0,34,46,17,40
frame=0,3,36,0,34,46,17,40
frame=0,4,36,0,34,46,17,40
frame=0,5,34,92,32,46,17,40
frame=0,6,34,92,32,46,17,40
frame=0,7,0,92,34,46,17,40
frame=1,0,66,138,32,45,15,39
frame=1,1,34,138,32,46,15,40
frame=1,2,0,0,36,46,18,40
frame=1,3,0,0,36,46,18,40
frame=1,4,0,0,36,46,18,40
frame=1,5,102,44,32,46,17,40
frame=1,6,102,44,32,46,17,40
frame=1,7,0,46,36,46,18,40
frame=2,0,98,90,32,44,15,38
frame=2,1,98,90,32,44,15,38
frame=2,2,70,0,36,44,18,38
frame=2,3,70,0,36,44,18,38
frame=2,4,70,0,36,44,18,38
frame=2,5,98,134,32,44,17,38
frame=2,6,98,134,32,44,17,38
frame=2,7,106,0,36,44,18,38

[swing]
frames=3
duration=3
type=back_forth
frame=0,0,70,44,32,46,15,40
frame=0,1,70,44,32,46,15,40
frame=0,2,36,0,34,46,17,40
frame=0,3,36,0,34,46,17,40
frame=0,4,36,0,34,46,17,40
frame=0,5,34,92,32,46,17,40
frame=0,6,34,92,32,46,17,40
frame=0,7,0,92,34,46,17,40
frame=1,0,66,138,32,45,15,39
frame=1,1,34,138,32,46,15,40
frame=1,2,0,0,36,46,18,40
frame=1,3,0,0,36,46,18,40
frame=1,4,0,0,36,46,18,40
frame=1,5,102,44,32,46,17,40
frame=1,6,102,44,32,46,17,40
frame=1,7,0,46,36,46,18,40
frame=2,0,98,90,32,44,15,38
frame=2,1,98,90,32,44,15,38
frame=2,2,70,0,36,44,18,38
frame=2,3,70,0,36,44,18,38
frame=2,4,70,0,36,44,18,38
frame=2,5,98,134,32,44,17,38
frame=2,6,98,134,32,44,17,38
frame=2,7,106,0,36,44,18,38

[hit]
frames=1
duration=3
type=play_once
frame=0,0,134,44,32,46,15,40
frame=0,1,134,44,32,46,15,40
frame=0,2,36,46,34,46,17,40
frame=0,3,36,46,34,46,17,40
frame=0,4,36,46,34,46,17,40
frame=0,5,66,92,32,46,17,40
frame=0,6,66,92,32,46,17,40
frame=0,7,0,138,34,46,17,40

[block]
frames=3
duration=3
type=back_forth
frame=0,0,70,44,32,46,15,40
frame=0,1,70,44,32,46,15,40
frame=0,2,36,0,34,46,17,40
frame=0,3,36,0,34,46,17,40
frame=0,4,36,0,34,46,17,40
frame=0,5,34,92,32,46,17,40
frame=0,6,34,92,32,46,17,40
frame=0,7,0,92,34,46,17,40
frame=1,0,66,138,32,45,15,39
frame=1,1,34,138,32,46,15,40
frame=1,2,0,0,36,46,18,40
frame=1,3,0,0,36,46,18,40
frame=1,4,0,0,36,46,18,40
frame=1,5,102,44,32,46,17,40
frame=1,6,102,44,32,46,17,40
frame=1,7,0,46,36,46,18,40
frame=2,0,98,90,32,44,15,38
frame=2,1,98,90,32,44,15,38
frame=2,2,70,0,36,44,18,38
frame=2,3,70,0,36,44,18,38
frame=2,4,70,0,36,44,18,38
frame=2,5,98,134,32,44,17,38
frame=2,6,98,134,32,44,17,38
frame=2,7,106,0,36,44,18,38
