
image=images/enemies/ghostdup.png

[stance]
frames=1
duration=100ms
type=back_forth
frame=0,0,69,194,24,49,10,44
frame=0,1,69,194,24,49,10,44
frame=0,2,78,147,29,47,15,44
frame=0,3,78,147,29,47,15,44
frame=0,4,78,147,29,47,15,44
frame=0,5,84,98,24,49,14,44
frame=0,6,84,98,24,49,14,44
frame=0,7,66,243,28,49,14,45

[spawn]
frames=1
duration=100ms
type=play_once
frame=0,0,69,194,24,49,10,44
frame=0,1,69,194,24,49,10,44
frame=0,2,78,147,29,47,15,44
frame=0,3,78,147,29,47,15,44
frame=0,4,78,147,29,47,15,44
frame=0,5,84,98,24,49,14,44
frame=0,6,84,98,24,49,14,44
frame=0,7,66,243,28,49,14,45

[shoot]
frames=2
duration=100ms
type=back_forth
frame=0,0,131,0,37,49,25,44
frame=0,1,131,0,37,49,25,44
frame=0,2,168,290,28,48,14,42
frame=0,3,168,290,28,48,14,42
frame=0,4,168,290,28,48,14,42
frame=0,5,0,194,37,49,12,44
frame=0,6,0,194,37,49,12,44
frame=0,7,169,241,26,49,12,44
frame=1,0,0,0,44,49,32,44
frame=1,1,0,0,44,49,32,44
frame=1,2,0,243,34,48,13,42
frame=1,3,0,243,34,48,13,42
frame=1,4,0,243,34,48,13,42
frame=1,5,0,49,44,49,12,44
frame=1,6,0,49,44,49,12,44
frame=1,7,238,0,31,49,11,44

[run]
frames=8
duration=100ms
type=looped
frame=0,0,221,336,24,48,10,43
frame=0,1,221,336,24,48,10,43
frame=0,2,107,147,29,47,15,44
frame=0,3,107,147,29,47,15,44
frame=0,4,107,147,29,47,15,44
frame=0,5,245,343,24,48,14,43
frame=0,6,245,343,24,48,14,43
frame=0,7,60,292,28,49,14,45
frame=1,0,164,49,24,47,10,43
frame=1,1,164,49,24,47,10,43
frame=1,2,137,96,28,48,15,44
frame=1,3,137,96,28,48,15,44
frame=1,4,137,96,28,48,15,44
frame=1,5,165,145,24,47,14,43
frame=1,6,165,145,24,47,14,43
frame=1,7,33,432,27,50,13,45
frame=2,0,149,390,24,48,10,44
frame=2,1,149,390,24,48,10,44
frame=2,2,88,342,28,48,15,43
frame=2,3,88,342,28,48,15,43
frame=2,4,88,342,28,48,15,43
frame=2,5,198,387,24,48,14,44
frame=2,6,198,387,24,48,14,44
frame=2,7,93,194,26,49,13,44
frame=3,0,94,243,25,49,10,44
frame=3,1,94,243,25,49,10,44
frame=3,2,108,96,29,48,15,44
frame=3,3,108,96,29,48,15,44
frame=3,4,108,96,29,48,15,44
frame=3,5,119,194,25,49,15,44
frame=3,6,119,194,25,49,15,44
frame=3,7,32,292,28,50,14,45
frame=4,0,218,192,27,48,11,43
frame=4,1,218,192,27,48,11,43
frame=4,2,188,49,29,47,15,44
frame=4,3,188,49,29,47,15,44
frame=4,4,188,49,29,47,15,44
frame=4,5,169,338,27,48,16,43
frame=4,6,169,338,27,48,16,43
frame=4,7,60,341,28,49,14,45
frame=5,0,196,339,25,48,10,43
frame=5,1,196,339,25,48,10,43
frame=5,2,217,49,28,48,15,44
frame=5,3,217,49,28,48,15,44
frame=5,4,217,49,28,48,15,44
frame=5,5,173,387,25,48,15,43
frame=5,6,173,387,25,48,15,43
frame=5,7,88,292,27,50,14,45
frame=6,0,144,192,24,49,10,44
frame=6,1,144,192,24,49,10,44
frame=6,2,217,97,28,48,15,43
frame=6,3,217,97,28,48,15,43
frame=6,4,217,97,28,48,15,43
frame=6,5,145,241,24,49,14,44
frame=6,6,145,241,24,49,14,44
frame=6,7,119,243,26,49,13,44
frame=7,0,165,96,24,49,10,44
frame=7,1,165,96,24,49,10,44
frame=7,2,136,144,29,48,15,44
frame=7,3,136,144,29,48,15,44
frame=7,4,136,144,29,48,15,44
frame=7,5,168,192,24,49,14,44
frame=7,6,168,192,24,49,14,44
frame=7,7,32,342,28,50,14,45

[die]
frames=6
duration=100ms
type=play_once
frame=0,0,189,96,28,49,14,44
frame=0,1,189,96,28,49,14,44
frame=0,2,189,96,28,49,14,44
frame=0,3,189,96,28,49,14,44
frame=0,4,189,96,28,49,14,44
frame=0,5,189,96,28,49,14,44
frame=0,6,189,96,28,49,14,44
frame=0,7,189,96,28,49,14,44
frame=1,0,168,438,27,47,12,43
frame=1,1,168,438,27,47,12,43
frame=1,2,168,438,27,47,12,43
frame=1,3,168,438,27,47,12,43
frame=1,4,168,438,27,47,12,43
frame=1,5,168,438,27,47,12,43
frame=1,6,168,438,27,47,12,43
frame=1,7,168,438,27,47,12,43
frame=2,0,32,392,27,40,12,36
frame=2,1,32,392,27,40,12,36
frame=2,2,32,392,27,40,12,36
frame=2,3,32,392,27,40,12,36
frame=2,4,32,392,27,40,12,36
frame=2,5,32,392,27,40,12,36
frame=2,6,32,392,27,40,12,36
frame=2,7,32,392,27,40,12,36
frame=3,0,59,392,27,36,12,32
frame=3,1,59,392,27,36,12,32
frame=3,2,59,392,27,36,12,32
frame=3,3,59,392,27,36,12,32
frame=3,4,59,392,27,36,12,32
frame=3,5,59,392,27,36,12,32
frame=3,6,59,392,27,36,12,32
frame=3,7,59,392,27,36,12,32
frame=4,0,222,391,29,30,12,26
frame=4,1,222,391,29,30,12,26
frame=4,2,222,391,29,30,12,26
frame=4,3,222,391,29,30,12,26
frame=4,4,222,391,29,30,12,26
frame=4,5,222,391,29,30,12,26
frame=4,6,222,391,29,30,12,26
frame=4,7,222,391,29,30,12,26
frame=5,0,86,390,34,36,15,30
frame=5,1,86,390,34,36,15,30
frame=5,2,86,390,34,36,15,30
frame=5,3,86,390,34,36,15,30
frame=5,4,86,390,34,36,15,30
frame=5,5,86,390,34,36,15,30
frame=5,6,86,390,34,36,15,30
frame=5,7,86,390,34,36,15,30

[cast]
frames=7
duration=100ms
type=play_once
frame=0,0,245,49,24,49,10,44
frame=0,1,245,49,24,49,10,44
frame=0,2,78,147,29,47,15,44
frame=0,3,78,147,29,47,15,44
frame=0,4,78,147,29,47,15,44
frame=0,5,245,98,24,49,14,44
frame=0,6,245,98,24,49,14,44
frame=0,7,115,292,28,49,14,45
frame=1,0,245,147,24,49,10,44
frame=1,1,245,147,24,49,10,44
frame=1,2,189,145,28,47,15,44
frame=1,3,189,145,28,47,15,44
frame=1,4,189,145,28,47,15,44
frame=1,5,245,196,24,49,14,44
frame=1,6,245,196,24,49,14,44
frame=1,7,116,341,28,49,14,45
frame=2,0,195,241,24,49,10,44
frame=2,1,195,241,24,49,10,44
frame=2,2,217,145,28,47,15,44
frame=2,3,217,145,28,47,15,44
frame=2,4,217,145,28,47,15,44
frame=2,5,245,245,24,49,14,44
frame=2,6,245,245,24,49,14,44
frame=2,7,192,192,26,49,13,45
frame=3,0,143,292,25,49,11,44
frame=3,1,143,292,25,49,11,44
frame=3,2,44,147,34,47,17,44
frame=3,3,44,147,34,47,17,44
frame=3,4,44,147,34,47,17,44
frame=3,5,144,341,25,49,14,44
frame=3,6,144,341,25,49,14,44
frame=3,7,37,194,32,49,16,45
frame=4,0,0,291,32,49,13,44
frame=4,1,0,291,32,49,13,44
frame=4,2,0,147,44,47,22,44
frame=4,3,0,147,44,47,22,44
frame=4,4,0,147,44,47,22,44
frame=4,5,0,340,32,49,19,44
frame=4,6,0,340,32,49,19,44
frame=4,7,44,0,44,49,22,45
frame=5,0,0,389,32,49,13,44
frame=5,1,0,389,32,49,13,44
frame=5,2,87,49,44,47,22,44
frame=5,3,87,49,44,47,22,44
frame=5,4,87,49,44,47,22,44
frame=5,5,206,0,32,49,19,44
frame=5,6,206,0,32,49,19,44
frame=5,7,0,98,44,49,22,45
frame=6,0,196,290,25,49,11,44
frame=6,1,196,290,25,49,11,44
frame=6,2,44,147,34,47,17,44
frame=6,3,44,147,34,47,17,44
frame=6,4,44,147,34,47,17,44
frame=6,5,60,428,25,49,14,44
frame=6,6,60,428,25,49,14,44
frame=6,7,34,243,32,49,16,45

[swing]
frames=6
duration=100ms
type=play_once
frame=0,0,221,287,24,49,11,44
frame=0,1,221,287,24,49,11,44
frame=0,2,120,390,29,47,15,42
frame=0,3,120,390,29,47,15,42
frame=0,4,120,390,29,47,15,42
frame=0,5,245,294,24,49,13,44
frame=0,6,245,294,24,49,13,44
frame=0,7,189,96,28,49,14,44
frame=1,0,0,438,33,47,21,42
frame=1,1,0,438,33,47,21,42
frame=1,2,85,438,28,47,16,41
frame=1,3,85,438,28,47,16,41
frame=1,4,85,438,28,47,16,41
frame=1,5,131,49,33,47,12,42
frame=1,6,131,49,33,47,12,42
frame=1,7,219,240,26,47,13,42
frame=2,0,195,435,24,48,12,43
frame=2,1,195,435,24,48,12,43
frame=2,2,140,438,28,47,17,41
frame=2,3,140,438,28,47,17,41
frame=2,4,140,438,28,47,17,41
frame=2,5,219,435,24,48,12,43
frame=2,6,219,435,24,48,12,43
frame=2,7,113,437,27,48,15,43
frame=3,0,131,0,37,49,25,44
frame=3,1,131,0,37,49,25,44
frame=3,2,168,290,28,48,14,42
frame=3,3,168,290,28,48,14,42
frame=3,4,168,290,28,48,14,42
frame=3,5,0,194,37,49,12,44
frame=3,6,0,194,37,49,12,44
frame=3,7,169,241,26,49,12,44
frame=4,0,0,0,44,49,32,44
frame=4,1,0,0,44,49,32,44
frame=4,2,0,243,34,48,13,42
frame=4,3,0,243,34,48,13,42
frame=4,4,0,243,34,48,13,42
frame=4,5,0,49,44,49,12,44
frame=4,6,0,49,44,49,12,44
frame=4,7,238,0,31,49,11,44
frame=5,0,44,49,43,49,31,44
frame=5,1,44,49,43,49,31,44
frame=5,2,168,0,38,48,13,42
frame=5,3,168,0,38,48,13,42
frame=5,4,168,0,38,48,13,42
frame=5,5,88,0,43,49,12,44
frame=5,6,88,0,43,49,12,44
frame=5,7,44,98,40,49,12,44

[hit]
frames=3
duration=33ms
type=back_forth
frame=0,0,189,96,28,49,14,44
frame=0,1,189,96,28,49,14,44
frame=0,2,189,96,28,49,14,44
frame=0,3,189,96,28,49,14,44
frame=0,4,189,96,28,49,14,44
frame=0,5,189,96,28,49,14,44
frame=0,6,189,96,28,49,14,44
frame=0,7,189,96,28,49,14,44
frame=1,0,168,438,27,47,12,43
frame=1,1,168,438,27,47,12,43
frame=1,2,168,438,27,47,12,43
frame=1,3,168,438,27,47,12,43
frame=1,4,168,438,27,47,12,43
frame=1,5,168,438,27,47,12,43
frame=1,6,168,438,27,47,12,43
frame=1,7,168,438,27,47,12,43
frame=2,0,32,392,27,40,12,36
frame=2,1,32,392,27,40,12,36
frame=2,2,32,392,27,40,12,36
frame=2,3,32,392,27,40,12,36
frame=2,4,32,392,27,40,12,36
frame=2,5,32,392,27,40,12,36
frame=2,6,32,392,27,40,12,36
frame=2,7,32,392,27,40,12,36

[block]
frames=2
duration=100ms
type=play_once
frame=0,0,189,96,28,49,14,44
frame=0,1,189,96,28,49,14,44
frame=0,2,189,96,28,49,14,44
frame=0,3,189,96,28,49,14,44
frame=0,4,189,96,28,49,14,44
frame=0,5,189,96,28,49,14,44
frame=0,6,189,96,28,49,14,44
frame=0,7,189,96,28,49,14,44
frame=1,0,168,438,27,47,12,43
frame=1,1,168,438,27,47,12,43
frame=1,2,168,438,27,47,12,43
frame=1,3,168,438,27,47,12,43
frame=1,4,168,438,27,47,12,43
frame=1,5,168,438,27,47,12,43
frame=1,6,168,438,27,47,12,43
frame=1,7,168,438,27,47,12,43
