
image=images/enemies/giantghost.png

[stance]
frames=3
duration=100ms
type=back_forth
frame=0,0,280,0,64,92,30,86
frame=0,1,280,0,64,92,30,86
frame=0,2,144,0,68,92,34,86
frame=0,3,144,0,68,92,34,86
frame=0,4,144,0,68,92,34,86
frame=0,5,344,0,64,92,34,86
frame=0,6,344,0,64,92,34,86
frame=0,7,212,0,68,92,34,86
frame=1,0,536,0,64,90,30,84
frame=1,1,408,0,64,92,30,86
frame=1,2,0,0,72,92,36,86
frame=1,3,0,0,72,92,36,86
frame=1,4,0,0,72,92,36,86
frame=1,5,472,0,64,92,34,86
frame=1,6,472,0,64,92,34,86
frame=1,7,72,0,72,92,36,86
frame=2,0,744,0,64,88,30,82
frame=2,1,744,0,64,88,30,82
frame=2,2,600,0,72,88,36,82
frame=2,3,600,0,72,88,36,82
frame=2,4,600,0,72,88,36,82
frame=2,5,808,0,64,88,34,82
frame=2,6,808,0,64,88,34,82
frame=2,7,672,0,72,88,36,82

[run]
frames=3
duration=100ms
type=back_forth
frame=0,0,280,0,64,92,30,86
frame=0,1,280,0,64,92,30,86
frame=0,2,144,0,68,92,34,86
frame=0,3,144,0,68,92,34,86
frame=0,4,144,0,68,92,34,86
frame=0,5,344,0,64,92,34,86
frame=0,6,344,0,64,92,34,86
frame=0,7,212,0,68,92,34,86
frame=1,0,536,0,64,90,30,84
frame=1,1,408,0,64,92,30,86
frame=1,2,0,0,72,92,36,86
frame=1,3,0,0,72,92,36,86
frame=1,4,0,0,72,92,36,86
frame=1,5,472,0,64,92,34,86
frame=1,6,472,0,64,92,34,86
frame=1,7,72,0,72,92,36,86
frame=2,0,744,0,64,88,30,82
frame=2,1,744,0,64,88,30,82
frame=2,2,600,0,72,88,36,82
frame=2,3,600,0,72,88,36,82
frame=2,4,600,0,72,88,36,82
frame=2,5,808,0,64,88,34,82
frame=2,6,808,0,64,88,34,82
frame=2,7,672,0,72,88,36,82

[shoot]
frames=3
duration=100ms
type=back_forth
frame=0,0,280,0,64,92,30,86
frame=0,1,280,0,64,92,30,86
frame=0,2,144,0,68,92,34,86
frame=0,3,144,0,68,92,34,86
frame=0,4,144,0,68,92,34,86
frame=0,5,344,0,64,92,34,86
frame=0,6,344,0,64,92,34,86
frame=0,7,212,0,68,92,34,86
frame=1,0,536,0,64,90,30,84
frame=1,1,408,0,64,92,30,86
frame=1,2,0,0,72,92,36,86
frame=1,3,0,0,72,92,36,86
frame=1,4,0,0,72,92,36,86
frame=1,5,472,0,64,92,34,86
frame=1,6,472,0,64,92,34,86
frame=1,7,72,0,72,92,36,86
frame=2,0,744,0,64,88,30,82
frame=2,1,744,0,64,88,30,82
frame=2,2,600,0,72,88,36,82
frame=2,3,600,0,72,88,36,82
frame=2,4,600,0,72,88,36,82
frame=2,5,808,0,64,88,34,82
frame=2,6,808,0,64,88,34,82
frame=2,7,672,0,72,88,36,82

[cast]
frames=3
duration=100ms
type=back_forth
frame=0,0,280,0,64,92,30,86
frame=0,1,280,0,64,92,30,86
frame=0,2,144,0,68,92,34,86
frame=0,3,144,0,68,92,34,86
frame=0,4,144,0,68,92,34,86
frame=0,5,344,0,64,92,34,86
frame=0,6,344,0,64,92,34,86
frame=0,7,212,0,68,92,34,86
frame=1,0,536,0,64,90,30,84
frame=1,1,408,0,64,92,30,86
frame=1,2,0,0,72,92,36,86
frame=1,3,0,0,72,92,36,86
frame=1,4,0,0,72,92,36,86
frame=1,5,472,0,64,92,34,86
frame=1,6,472,0,64,92,34,86
frame=1,7,72,0,72,92,36,86
frame=2,0,744,0,64,88,30,82
frame=2,1,744,0,64,88,30,82
frame=2,2,600,0,72,88,36,82
frame=2,3,600,0,72,88,36,82
frame=2,4,600,0,72,88,36,82
frame=2,5,808,0,64,88,34,82
frame=2,6,808,0,64,88,34,82
frame=2,7,672,0,72,88,36,82

[swing]
frames=3
duration=100ms
type=back_forth
frame=0,0,280,0,64,92,30,86
frame=0,1,280,0,64,92,30,86
frame=0,2,144,0,68,92,34,86
frame=0,3,144,0,68,92,34,86
frame=0,4,144,0,68,92,34,86
frame=0,5,344,0,64,92,34,86
frame=0,6,344,0,64,92,34,86
frame=0,7,212,0,68,92,34,86
frame=1,0,536,0,64,90,30,84
frame=1,1,408,0,64,92,30,86
frame=1,2,0,0,72,92,36,86
frame=1,3,0,0,72,92,36,86
frame=1,4,0,0,72,92,36,86
frame=1,5,472,0,64,92,34,86
frame=1,6,472,0,64,92,34,86
frame=1,7,72,0,72,92,36,86
frame=2,0,744,0,64,88,30,82
frame=2,1,744,0,64,88,30,82
frame=2,2,600,0,72,88,36,82
frame=2,3,600,0,72,88,36,82
frame=2,4,600,0,72,88,36,82
frame=2,5,808,0,64,88,34,82
frame=2,6,808,0,64,88,34,82
frame=2,7,672,0,72,88,36,82

[hit]
frames=3
duration=100ms
type=back_forth
frame=0,0,280,0,64,92,30,86
frame=0,1,280,0,64,92,30,86
frame=0,2,144,0,68,92,34,86
frame=0,3,144,0,68,92,34,86
frame=0,4,144,0,68,92,34,86
frame=0,5,344,0,64,92,34,86
frame=0,6,344,0,64,92,34,86
frame=0,7,212,0,68,92,34,86
frame=1,0,536,0,64,90,30,84
frame=1,1,408,0,64,92,30,86
frame=1,2,0,0,72,92,36,86
frame=1,3,0,0,72,92,36,86
frame=1,4,0,0,72,92,36,86
frame=1,5,472,0,64,92,34,86
frame=1,6,472,0,64,92,34,86
frame=1,7,72,0,72,92,36,86
frame=2,0,744,0,64,88,30,82
frame=2,1,744,0,64,88,30,82
frame=2,2,600,0,72,88,36,82
frame=2,3,600,0,72,88,36,82
frame=2,4,600,0,72,88,36,82
frame=2,5,808,0,64,88,34,82
frame=2,6,808,0,64,88,34,82
frame=2,7,672,0,72,88,36,82

[die]
frames=3
duration=100ms
type=back_forth
frame=0,0,0,0,1,1,1,1
frame=0,1,0,0,1,1,1,1
frame=0,2,0,0,1,1,1,1
frame=0,3,0,0,1,1,1,1
frame=0,4,0,0,1,1,1,1
frame=0,5,0,0,1,1,1,1
frame=0,6,0,0,1,1,1,1
frame=0,7,0,0,1,1,1,1
frame=1,0,0,0,1,1,1,1
frame=1,1,0,0,1,1,1,1
frame=1,2,0,0,1,1,1,1
frame=1,3,0,0,1,1,1,1
frame=1,4,0,0,1,1,1,1
frame=1,5,0,0,1,1,1,1
frame=1,6,0,0,1,1,1,1
frame=1,7,0,0,1,1,1,1
frame=2,0,0,0,1,1,1,1
frame=2,1,0,0,1,1,1,1
frame=2,2,0,0,1,1,1,1
frame=2,3,0,0,1,1,1,1
frame=2,4,0,0,1,1,1,1
frame=2,5,0,0,1,1,1,1
frame=2,6,0,0,1,1,1,1
frame=2,7,0,0,1,1,1,1
