
image=images/enemies/rubysnake.png

[stance]
frames=3
duration=3
type=back_forth
frame=0,0,32,0,30,24,14,20
frame=0,1,32,0,30,24,14,20
frame=0,2,12,60,13,30,7,26
frame=0,3,12,60,13,30,7,26
frame=0,4,12,60,13,30,7,26
frame=0,5,0,12,30,24,16,20
frame=0,6,0,12,30,24,16,20
frame=0,7,12,90,13,30,7,26
frame=1,0,62,0,30,24,14,19
frame=1,1,62,0,30,24,14,19
frame=1,2,0,60,12,31,6,25
frame=1,3,0,60,12,31,6,25
frame=1,4,0,60,12,31,6,25
frame=1,5,30,24,30,24,16,19
frame=1,6,30,24,30,24,16,19
frame=1,7,0,91,12,31,6,26
frame=2,0,68,48,29,24,14,18
frame=2,1,68,48,29,24,14,18
frame=2,2,38,72,13,29,6,24
frame=2,3,38,72,13,29,6,24
frame=2,4,38,72,13,29,6,24
frame=2,5,68,72,29,24,15,18
frame=2,6,68,72,29,24,15,18
frame=2,7,51,72,13,29,6,23

[shoot]
frames=3
duration=3
type=back_forth
frame=0,0,32,0,30,24,14,20
frame=0,1,32,0,30,24,14,20
frame=0,2,12,60,13,30,7,26
frame=0,3,12,60,13,30,7,26
frame=0,4,12,60,13,30,7,26
frame=0,5,0,12,30,24,16,20
frame=0,6,0,12,30,24,16,20
frame=0,7,12,90,13,30,7,26
frame=1,0,62,0,30,24,14,19
frame=1,1,62,0,30,24,14,19
frame=1,2,0,60,12,31,6,25
frame=1,3,0,60,12,31,6,25
frame=1,4,0,60,12,31,6,25
frame=1,5,30,24,30,24,16,19
frame=1,6,30,24,30,24,16,19
frame=1,7,0,91,12,31,6,26
frame=2,0,68,48,29,24,14,18
frame=2,1,68,48,29,24,14,18
frame=2,2,38,72,13,29,6,24
frame=2,3,38,72,13,29,6,24
frame=2,4,38,72,13,29,6,24
frame=2,5,68,72,29,24,15,18
frame=2,6,68,72,29,24,15,18
frame=2,7,51,72,13,29,6,23

[run]
frames=3
duration=3
type=back_forth
frame=0,0,32,0,30,24,14,20
frame=0,1,32,0,30,24,14,20
frame=0,2,12,60,13,30,7,26
frame=0,3,12,60,13,30,7,26
frame=0,4,12,60,13,30,7,26
frame=0,5,0,12,30,24,16,20
frame=0,6,0,12,30,24,16,20
frame=0,7,12,90,13,30,7,26
frame=1,0,62,0,30,24,14,19
frame=1,1,62,0,30,24,14,19
frame=1,2,0,60,12,31,6,25
frame=1,3,0,60,12,31,6,25
frame=1,4,0,60,12,31,6,25
frame=1,5,30,24,30,24,16,19
frame=1,6,30,24,30,24,16,19
frame=1,7,0,91,12,31,6,26
frame=2,0,68,48,29,24,14,18
frame=2,1,68,48,29,24,14,18
frame=2,2,38,72,13,29,6,24
frame=2,3,38,72,13,29,6,24
frame=2,4,38,72,13,29,6,24
frame=2,5,68,72,29,24,15,18
frame=2,6,68,72,29,24,15,18
frame=2,7,51,72,13,29,6,23

[die]
frames=3
duration=3
type=play_once
frame=0,0,0,36,30,24,14,20
frame=0,1,0,36,30,24,14,20
frame=0,2,25,60,13,30,7,26
frame=0,3,25,60,13,30,7,26
frame=0,4,25,60,13,30,7,26
frame=0,5,60,24,30,24,16,20
frame=0,6,60,24,30,24,16,20
frame=0,7,25,90,13,30,7,26
frame=1,0,38,48,30,24,14,25
frame=1,1,38,48,30,24,14,25
frame=1,2,0,0,32,12,16,16
frame=1,3,0,0,32,12,16,16
frame=1,4,0,0,32,12,16,16
frame=1,5,38,101,30,24,16,25
frame=1,6,38,101,30,24,16,25
frame=1,7,68,96,13,29,6,23
frame=2,0,81,96,13,29,6,25
frame=2,1,81,96,13,29,6,25
frame=2,2,81,96,13,29,6,25
frame=2,3,81,96,13,29,6,25
frame=2,4,81,96,13,29,6,25
frame=2,5,81,96,13,29,6,25
frame=2,6,81,96,13,29,6,25
frame=2,7,81,96,13,29,6,25

[critdie]
frames=3
duration=3
type=play_once
frame=0,0,0,36,30,24,14,20
frame=0,1,0,36,30,24,14,20
frame=0,2,25,60,13,30,7,26
frame=0,3,25,60,13,30,7,26
frame=0,4,25,60,13,30,7,26
frame=0,5,60,24,30,24,16,20
frame=0,6,60,24,30,24,16,20
frame=0,7,25,90,13,30,7,26
frame=1,0,38,48,30,24,14,25
frame=1,1,38,48,30,24,14,25
frame=1,2,0,0,32,12,16,16
frame=1,3,0,0,32,12,16,16
frame=1,4,0,0,32,12,16,16
frame=1,5,38,101,30,24,16,25
frame=1,6,38,101,30,24,16,25
frame=1,7,68,96,13,29,6,23
frame=2,0,81,96,13,29,6,25
frame=2,1,81,96,13,29,6,25
frame=2,2,81,96,13,29,6,25
frame=2,3,81,96,13,29,6,25
frame=2,4,81,96,13,29,6,25
frame=2,5,81,96,13,29,6,25
frame=2,6,81,96,13,29,6,25
frame=2,7,81,96,13,29,6,25

[cast]
frames=3
duration=3
type=back_forth
frame=0,0,32,0,30,24,14,20
frame=0,1,32,0,30,24,14,20
frame=0,2,12,60,13,30,7,26
frame=0,3,12,60,13,30,7,26
frame=0,4,12,60,13,30,7,26
frame=0,5,0,12,30,24,16,20
frame=0,6,0,12,30,24,16,20
frame=0,7,12,90,13,30,7,26
frame=1,0,62,0,30,24,14,19
frame=1,1,62,0,30,24,14,19
frame=1,2,0,60,12,31,6,25
frame=1,3,0,60,12,31,6,25
frame=1,4,0,60,12,31,6,25
frame=1,5,30,24,30,24,16,19
frame=1,6,30,24,30,24,16,19
frame=1,7,0,91,12,31,6,26
frame=2,0,68,48,29,24,14,18
frame=2,1,68,48,29,24,14,18
frame=2,2,38,72,13,29,6,24
frame=2,3,38,72,13,29,6,24
frame=2,4,38,72,13,29,6,24
frame=2,5,68,72,29,24,15,18
frame=2,6,68,72,29,24,15,18
frame=2,7,51,72,13,29,6,23

[swing]
frames=3
duration=3
type=back_forth
frame=0,0,32,0,30,24,14,20
frame=0,1,32,0,30,24,14,20
frame=0,2,12,60,13,30,7,26
frame=0,3,12,60,13,30,7,26
frame=0,4,12,60,13,30,7,26
frame=0,5,0,12,30,24,16,20
frame=0,6,0,12,30,24,16,20
frame=0,7,12,90,13,30,7,26
frame=1,0,62,0,30,24,14,19
frame=1,1,62,0,30,24,14,19
frame=1,2,0,60,12,31,6,25
frame=1,3,0,60,12,31,6,25
frame=1,4,0,60,12,31,6,25
frame=1,5,30,24,30,24,16,19
frame=1,6,30,24,30,24,16,19
frame=1,7,0,91,12,31,6,26
frame=2,0,68,48,29,24,14,18
frame=2,1,68,48,29,24,14,18
frame=2,2,38,72,13,29,6,24
frame=2,3,38,72,13,29,6,24
frame=2,4,38,72,13,29,6,24
frame=2,5,68,72,29,24,15,18
frame=2,6,68,72,29,24,15,18
frame=2,7,51,72,13,29,6,23

[hit]
frames=1
duration=3
type=play_once
frame=0,0,0,36,30,24,14,20
frame=0,1,0,36,30,24,14,20
frame=0,2,25,60,13,30,7,26
frame=0,3,25,60,13,30,7,26
frame=0,4,25,60,13,30,7,26
frame=0,5,60,24,30,24,16,20
frame=0,6,60,24,30,24,16,20
frame=0,7,25,90,13,30,7,26

[block]
frames=3
duration=3
type=back_forth
frame=0,0,32,0,30,24,14,20
frame=0,1,32,0,30,24,14,20
frame=0,2,12,60,13,30,7,26
frame=0,3,12,60,13,30,7,26
frame=0,4,12,60,13,30,7,26
frame=0,5,0,12,30,24,16,20
frame=0,6,0,12,30,24,16,20
frame=0,7,12,90,13,30,7,26
frame=1,0,62,0,30,24,14,19
frame=1,1,62,0,30,24,14,19
frame=1,2,0,60,12,31,6,25
frame=1,3,0,60,12,31,6,25
frame=1,4,0,60,12,31,6,25
frame=1,5,30,24,30,24,16,19
frame=1,6,30,24,30,24,16,19
frame=1,7,0,91,12,31,6,26
frame=2,0,68,48,29,24,14,18
frame=2,1,68,48,29,24,14,18
frame=2,2,38,72,13,29,6,24
frame=2,3,38,72,13,29,6,24
frame=2,4,38,72,13,29,6,24
frame=2,5,68,72,29,24,15,18
frame=2,6,68,72,29,24,15,18
frame=2,7,51,72,13,29,6,23
