
image=images/enemies/skeleton.png

[stance]
frames=1
duration=3
type=back_forth
frame=0,0,230,95,20,47,9,43
frame=0,1,230,95,20,47,9,43
frame=0,2,33,328,30,46,15,43
frame=0,3,33,328,30,46,15,43
frame=0,4,33,328,30,46,15,43
frame=0,5,119,328,20,47,11,43
frame=0,6,119,328,20,47,11,43
frame=0,7,0,374,30,47,15,43

[spawn]
frames=1
duration=3
type=back_forth
frame=0,0,230,95,20,47,9,43
frame=0,1,230,95,20,47,9,43
frame=0,2,33,328,30,46,15,43
frame=0,3,33,328,30,46,15,43
frame=0,4,33,328,30,46,15,43
frame=0,5,119,328,20,47,11,43
frame=0,6,119,328,20,47,11,43
frame=0,7,0,374,30,47,15,43

[shoot]
frames=2
duration=3
type=back_forth
frame=0,0,36,139,34,47,21,43
frame=0,1,36,139,34,47,21,43
frame=0,2,97,234,27,47,17,42
frame=0,3,97,234,27,47,17,42
frame=0,4,97,234,27,47,17,42
frame=0,5,0,233,34,47,13,43
frame=0,6,0,233,34,47,13,43
frame=0,7,100,140,26,46,12,42
frame=1,0,98,0,36,47,24,43
frame=1,1,98,0,36,47,24,43
frame=1,2,0,139,36,47,18,42
frame=1,3,0,139,36,47,18,42
frame=1,4,0,139,36,47,18,42
frame=1,5,134,0,36,47,12,43
frame=1,6,134,0,36,47,12,43
frame=1,7,170,0,35,47,12,43

[run]
frames=8
duration=3
type=looped
frame=0,0,200,189,25,46,13,42
frame=0,1,200,189,25,46,13,42
frame=0,2,84,93,30,46,15,43
frame=0,3,84,93,30,46,15,43
frame=0,4,84,93,30,46,15,43
frame=0,5,225,189,25,46,12,42
frame=0,6,225,189,25,46,12,42
frame=0,7,30,374,30,47,15,43
frame=1,0,250,270,21,46,11,43
frame=1,1,250,270,21,46,11,43
frame=1,2,60,374,30,47,15,43
frame=1,3,60,374,30,47,15,43
frame=1,4,60,374,30,47,15,43
frame=1,5,141,375,21,46,10,43
frame=1,6,141,375,21,46,10,43
frame=1,7,33,280,30,48,15,43
frame=2,0,152,141,22,46,9,43
frame=2,1,152,141,22,46,9,43
frame=2,2,90,374,29,47,15,42
frame=2,3,90,374,29,47,15,42
frame=2,4,90,374,29,47,15,42
frame=2,5,119,375,22,46,13,43
frame=2,6,119,375,22,46,13,43
frame=2,7,239,0,30,47,15,42
frame=3,0,226,142,24,47,10,43
frame=3,1,226,142,24,47,10,43
frame=3,2,70,139,30,47,15,43
frame=3,3,70,139,30,47,15,43
frame=3,4,70,139,30,47,15,43
frame=3,5,150,234,24,47,14,43
frame=3,6,150,234,24,47,14,43
frame=3,7,69,186,30,48,15,43
frame=4,0,63,328,28,46,12,42
frame=4,1,63,328,28,46,12,42
frame=4,2,117,47,30,46,15,43
frame=4,3,117,47,30,46,15,43
frame=4,4,117,47,30,46,15,43
frame=4,5,91,328,28,46,16,42
frame=4,6,91,328,28,46,16,42
frame=4,7,114,93,30,47,15,43
frame=5,0,151,187,23,47,9,43
frame=5,1,151,187,23,47,9,43
frame=5,2,147,47,30,47,15,43
frame=5,3,147,47,30,47,15,43
frame=5,4,147,47,30,47,15,43
frame=5,5,122,281,23,47,14,43
frame=5,6,122,281,23,47,14,43
frame=5,7,177,47,30,48,15,43
frame=6,0,192,281,22,47,9,43
frame=6,1,192,281,22,47,9,43
frame=6,2,93,281,29,47,14,42
frame=6,3,93,281,29,47,14,42
frame=6,4,93,281,29,47,14,42
frame=6,5,186,328,22,47,13,43
frame=6,6,186,328,22,47,13,43
frame=6,7,67,234,30,47,15,42
frame=7,0,250,82,21,47,9,43
frame=7,1,250,82,21,47,9,43
frame=7,2,144,94,30,47,15,43
frame=7,3,144,94,30,47,15,43
frame=7,4,144,94,30,47,15,43
frame=7,5,250,129,21,47,12,43
frame=7,6,250,129,21,47,12,43
frame=7,7,207,47,30,48,15,43

[die]
frames=6
duration=3
type=play_once
frame=0,0,0,374,30,47,15,43
frame=0,1,0,374,30,47,15,43
frame=0,2,0,374,30,47,15,43
frame=0,3,0,374,30,47,15,43
frame=0,4,0,374,30,47,15,43
frame=0,5,0,374,30,47,15,43
frame=0,6,0,374,30,47,15,43
frame=0,7,0,374,30,47,15,43
frame=1,0,86,47,31,46,14,42
frame=1,1,86,47,31,46,14,42
frame=1,2,86,47,31,46,14,42
frame=1,3,86,47,31,46,14,42
frame=1,4,86,47,31,46,14,42
frame=1,5,86,47,31,46,14,42
frame=1,6,86,47,31,46,14,42
frame=1,7,86,47,31,46,14,42
frame=2,0,214,280,31,39,13,35
frame=2,1,214,280,31,39,13,35
frame=2,2,214,280,31,39,13,35
frame=2,3,214,280,31,39,13,35
frame=2,4,214,280,31,39,13,35
frame=2,5,214,280,31,39,13,35
frame=2,6,214,280,31,39,13,35
frame=2,7,214,280,31,39,13,35
frame=3,0,187,375,30,34,13,31
frame=3,1,187,375,30,34,13,31
frame=3,2,187,375,30,34,13,31
frame=3,3,187,375,30,34,13,31
frame=3,4,187,375,30,34,13,31
frame=3,5,187,375,30,34,13,31
frame=3,6,187,375,30,34,13,31
frame=3,7,187,375,30,34,13,31
frame=4,0,217,375,31,28,13,25
frame=4,1,217,375,31,28,13,25
frame=4,2,217,375,31,28,13,25
frame=4,3,217,375,31,28,13,25
frame=4,4,217,375,31,28,13,25
frame=4,5,217,375,31,28,13,25
frame=4,6,217,375,31,28,13,25
frame=4,7,217,375,31,28,13,25
frame=5,0,237,47,34,35,14,30
frame=5,1,237,47,34,35,14,30
frame=5,2,237,47,34,35,14,30
frame=5,3,237,47,34,35,14,30
frame=5,4,237,47,34,35,14,30
frame=5,5,237,47,34,35,14,30
frame=5,6,237,47,34,35,14,30
frame=5,7,237,47,34,35,14,30

[cast]
frames=7
duration=3
type=play_once
frame=0,0,208,328,20,47,9,43
frame=0,1,208,328,20,47,9,43
frame=0,2,33,328,30,46,15,42
frame=0,3,33,328,30,46,15,42
frame=0,4,33,328,30,46,15,42
frame=0,5,228,319,20,47,11,43
frame=0,6,228,319,20,47,11,43
frame=0,7,0,374,30,47,15,43
frame=1,0,169,281,23,47,11,43
frame=1,1,169,281,23,47,11,43
frame=1,2,126,141,26,46,13,42
frame=1,3,126,141,26,46,13,42
frame=1,4,126,141,26,46,13,42
frame=1,5,163,328,23,47,12,43
frame=1,6,163,328,23,47,12,43
frame=1,7,63,281,30,47,15,43
frame=2,0,250,176,21,47,10,43
frame=2,1,250,176,21,47,10,43
frame=2,2,125,187,26,46,13,42
frame=2,3,125,187,26,46,13,42
frame=2,4,125,187,26,46,13,42
frame=2,5,250,223,21,47,11,43
frame=2,6,250,223,21,47,11,43
frame=2,7,99,186,26,47,13,43
frame=3,0,124,233,26,47,12,43
frame=3,1,124,233,26,47,12,43
frame=3,2,50,47,36,46,18,42
frame=3,3,50,47,36,46,18,42
frame=3,4,50,47,36,46,18,42
frame=3,5,174,142,26,47,14,43
frame=3,6,174,142,26,47,14,43
frame=3,7,0,186,36,47,18,43
frame=4,0,36,186,33,47,14,43
frame=4,1,36,186,33,47,14,43
frame=4,2,0,47,50,46,25,42
frame=4,3,0,47,50,46,25,42
frame=4,4,0,47,50,46,25,42
frame=4,5,0,280,33,47,19,43
frame=4,6,0,280,33,47,19,43
frame=4,7,0,0,50,47,25,43
frame=5,0,34,233,33,47,14,43
frame=5,1,34,233,33,47,14,43
frame=5,2,0,93,48,46,24,42
frame=5,3,0,93,48,46,24,42
frame=5,4,0,93,48,46,24,42
frame=5,5,0,327,33,47,19,43
frame=5,6,0,327,33,47,19,43
frame=5,7,50,0,48,47,24,43
frame=6,0,174,95,28,47,12,43
frame=6,1,174,95,28,47,12,43
frame=6,2,48,93,36,46,18,42
frame=6,3,48,93,36,46,18,42
frame=6,4,48,93,36,46,18,42
frame=6,5,202,95,28,47,16,43
frame=6,6,202,95,28,47,16,43
frame=6,7,205,0,34,47,17,43

[swing]
frames=5
duration=3
type=play_once
frame=0,0,248,316,20,47,9,43
frame=0,1,248,316,20,47,9,43
frame=0,2,33,328,30,46,19,42
frame=0,3,33,328,30,46,19,42
frame=0,4,33,328,30,46,19,42
frame=0,5,248,363,20,47,11,43
frame=0,6,248,363,20,47,11,43
frame=0,7,0,374,30,47,15,43
frame=1,0,225,235,25,45,15,41
frame=1,1,225,235,25,45,15,41
frame=1,2,174,189,26,46,17,41
frame=1,3,174,189,26,46,17,41
frame=1,4,174,189,26,46,17,41
frame=1,5,162,375,25,45,10,41
frame=1,6,162,375,25,45,10,41
frame=1,7,200,142,26,47,13,43
frame=2,0,145,281,24,47,12,43
frame=2,1,145,281,24,47,12,43
frame=2,2,174,235,25,46,16,41
frame=2,3,174,235,25,46,16,41
frame=2,4,174,235,25,46,16,41
frame=2,5,139,328,24,47,12,43
frame=2,6,139,328,24,47,12,43
frame=2,7,199,235,26,45,13,41
frame=3,0,36,139,34,47,21,43
frame=3,1,36,139,34,47,21,43
frame=3,2,97,234,27,47,17,42
frame=3,3,97,234,27,47,17,42
frame=3,4,97,234,27,47,17,42
frame=3,5,0,233,34,47,13,43
frame=3,6,0,233,34,47,13,43
frame=3,7,100,140,26,46,12,42
frame=4,0,98,0,36,47,24,43
frame=4,1,98,0,36,47,24,43
frame=4,2,0,139,36,47,18,42
frame=4,3,0,139,36,47,18,42
frame=4,4,0,139,36,47,18,42
frame=4,5,134,0,36,47,12,43
frame=4,6,134,0,36,47,12,43
frame=4,7,170,0,35,47,12,43

[hit]
frames=3
duration=3
type=back_forth
frame=0,0,0,374,30,47,15,43
frame=0,1,0,374,30,47,15,43
frame=0,2,0,374,30,47,15,43
frame=0,3,0,374,30,47,15,43
frame=0,4,0,374,30,47,15,43
frame=0,5,0,374,30,47,15,43
frame=0,6,0,374,30,47,15,43
frame=0,7,0,374,30,47,15,43
frame=1,0,86,47,31,46,14,42
frame=1,1,86,47,31,46,14,42
frame=1,2,86,47,31,46,14,42
frame=1,3,86,47,31,46,14,42
frame=1,4,86,47,31,46,14,42
frame=1,5,86,47,31,46,14,42
frame=1,6,86,47,31,46,14,42
frame=1,7,86,47,31,46,14,42
frame=2,0,214,280,31,39,13,35
frame=2,1,214,280,31,39,13,35
frame=2,2,214,280,31,39,13,35
frame=2,3,214,280,31,39,13,35
frame=2,4,214,280,31,39,13,35
frame=2,5,214,280,31,39,13,35
frame=2,6,214,280,31,39,13,35
frame=2,7,214,280,31,39,13,35

[block]
frames=2
duration=3
type=play_once
frame=0,0,0,374,30,47,15,43
frame=0,1,0,374,30,47,15,43
frame=0,2,0,374,30,47,15,43
frame=0,3,0,374,30,47,15,43
frame=0,4,0,374,30,47,15,43
frame=0,5,0,374,30,47,15,43
frame=0,6,0,374,30,47,15,43
frame=0,7,0,374,30,47,15,43
frame=1,0,86,47,31,46,14,42
frame=1,1,86,47,31,46,14,42
frame=1,2,86,47,31,46,14,42
frame=1,3,86,47,31,46,14,42
frame=1,4,86,47,31,46,14,42
frame=1,5,86,47,31,46,14,42
frame=1,6,86,47,31,46,14,42
frame=1,7,86,47,31,46,14,42
