
image=images/enemies/slime.png

[stance]
frames=3
duration=3
type=back_forth
frame=0,0,0,87,26,21,13,17
frame=0,1,26,87,26,21,13,17
frame=0,2,52,87,26,21,13,17
frame=0,3,52,87,26,21,13,17
frame=0,4,166,0,26,21,13,17
frame=0,5,166,21,26,21,13,17
frame=0,6,166,21,26,21,13,17
frame=0,7,166,42,26,21,13,17
frame=1,0,137,26,29,25,15,20
frame=1,1,137,51,29,25,15,20
frame=1,2,78,0,30,27,15,22
frame=1,3,78,27,30,27,15,22
frame=1,4,78,54,30,27,15,22
frame=1,5,108,52,29,25,14,20
frame=1,6,108,52,29,25,14,20
frame=1,7,78,81,30,27,15,22
frame=2,0,0,0,26,29,13,25
frame=2,1,0,29,26,29,13,25
frame=2,2,0,58,26,29,13,25
frame=2,3,26,0,26,29,13,25
frame=2,4,26,29,26,29,13,25
frame=2,5,26,58,26,29,13,25
frame=2,6,26,58,26,29,13,25
frame=2,7,52,0,26,29,13,25

[shoot]
frames=3
duration=3
type=back_forth
frame=0,0,0,87,26,21,13,17
frame=0,1,26,87,26,21,13,17
frame=0,2,52,87,26,21,13,17
frame=0,3,52,87,26,21,13,17
frame=0,4,166,0,26,21,13,17
frame=0,5,166,21,26,21,13,17
frame=0,6,166,21,26,21,13,17
frame=0,7,166,42,26,21,13,17
frame=1,0,137,26,29,25,15,20
frame=1,1,137,51,29,25,15,20
frame=1,2,78,0,30,27,15,22
frame=1,3,78,27,30,27,15,22
frame=1,4,78,54,30,27,15,22
frame=1,5,108,52,29,25,14,20
frame=1,6,108,52,29,25,14,20
frame=1,7,78,81,30,27,15,22
frame=2,0,0,0,26,29,13,25
frame=2,1,0,29,26,29,13,25
frame=2,2,0,58,26,29,13,25
frame=2,3,26,0,26,29,13,25
frame=2,4,26,29,26,29,13,25
frame=2,5,26,58,26,29,13,25
frame=2,6,26,58,26,29,13,25
frame=2,7,52,0,26,29,13,25

[run]
frames=3
duration=3
type=back_forth
frame=0,0,0,87,26,21,13,17
frame=0,1,26,87,26,21,13,17
frame=0,2,52,87,26,21,13,17
frame=0,3,52,87,26,21,13,17
frame=0,4,166,0,26,21,13,17
frame=0,5,166,21,26,21,13,17
frame=0,6,166,21,26,21,13,17
frame=0,7,166,42,26,21,13,17
frame=1,0,137,26,29,25,15,20
frame=1,1,137,51,29,25,15,20
frame=1,2,78,0,30,27,15,22
frame=1,3,78,27,30,27,15,22
frame=1,4,78,54,30,27,15,22
frame=1,5,108,52,29,25,14,20
frame=1,6,108,52,29,25,14,20
frame=1,7,78,81,30,27,15,22
frame=2,0,0,0,26,29,13,25
frame=2,1,0,29,26,29,13,25
frame=2,2,0,58,26,29,13,25
frame=2,3,26,0,26,29,13,25
frame=2,4,26,29,26,29,13,25
frame=2,5,26,58,26,29,13,25
frame=2,6,26,58,26,29,13,25
frame=2,7,52,0,26,29,13,25

[die]
frames=3
duration=3
type=play_once
frame=0,0,166,63,26,21,13,17
frame=0,1,166,63,26,21,13,17
frame=0,2,137,76,26,21,13,17
frame=0,3,137,76,26,21,13,17
frame=0,4,137,76,26,21,13,17
frame=0,5,163,84,26,21,13,17
frame=0,6,163,84,26,21,13,17
frame=0,7,108,77,26,21,13,17
frame=1,0,108,0,29,26,13,23
frame=1,1,108,0,29,26,13,23
frame=1,2,52,29,26,29,12,23
frame=1,3,52,29,26,29,12,23
frame=1,4,52,29,26,29,12,23
frame=1,5,137,0,29,26,14,22
frame=1,6,137,0,29,26,14,22
frame=1,7,108,26,29,26,13,23
frame=2,0,52,58,26,29,13,23
frame=2,1,52,58,26,29,13,23
frame=2,2,52,58,26,29,13,23
frame=2,3,52,58,26,29,13,23
frame=2,4,52,58,26,29,13,23
frame=2,5,52,58,26,29,13,23
frame=2,6,52,58,26,29,13,23
frame=2,7,52,58,26,29,13,23

[critdie]
frames=3
duration=3
type=play_once
frame=0,0,166,63,26,21,13,17
frame=0,1,166,63,26,21,13,17
frame=0,2,137,76,26,21,13,17
frame=0,3,137,76,26,21,13,17
frame=0,4,137,76,26,21,13,17
frame=0,5,163,84,26,21,13,17
frame=0,6,163,84,26,21,13,17
frame=0,7,108,77,26,21,13,17
frame=1,0,108,0,29,26,13,23
frame=1,1,108,0,29,26,13,23
frame=1,2,52,29,26,29,12,23
frame=1,3,52,29,26,29,12,23
frame=1,4,52,29,26,29,12,23
frame=1,5,137,0,29,26,14,22
frame=1,6,137,0,29,26,14,22
frame=1,7,108,26,29,26,13,23
frame=2,0,52,58,26,29,13,23
frame=2,1,52,58,26,29,13,23
frame=2,2,52,58,26,29,13,23
frame=2,3,52,58,26,29,13,23
frame=2,4,52,58,26,29,13,23
frame=2,5,52,58,26,29,13,23
frame=2,6,52,58,26,29,13,23
frame=2,7,52,58,26,29,13,23

[cast]
frames=3
duration=3
type=back_forth
frame=0,0,0,87,26,21,13,17
frame=0,1,26,87,26,21,13,17
frame=0,2,52,87,26,21,13,17
frame=0,3,52,87,26,21,13,17
frame=0,4,166,0,26,21,13,17
frame=0,5,166,21,26,21,13,17
frame=0,6,166,21,26,21,13,17
frame=0,7,166,42,26,21,13,17
frame=1,0,137,26,29,25,15,20
frame=1,1,137,51,29,25,15,20
frame=1,2,78,0,30,27,15,22
frame=1,3,78,27,30,27,15,22
frame=1,4,78,54,30,27,15,22
frame=1,5,108,52,29,25,14,20
frame=1,6,108,52,29,25,14,20
frame=1,7,78,81,30,27,15,22
frame=2,0,0,0,26,29,13,25
frame=2,1,0,29,26,29,13,25
frame=2,2,0,58,26,29,13,25
frame=2,3,26,0,26,29,13,25
frame=2,4,26,29,26,29,13,25
frame=2,5,26,58,26,29,13,25
frame=2,6,26,58,26,29,13,25
frame=2,7,52,0,26,29,13,25

[swing]
frames=3
duration=3
type=back_forth
frame=0,0,0,87,26,21,13,17
frame=0,1,26,87,26,21,13,17
frame=0,2,52,87,26,21,13,17
frame=0,3,52,87,26,21,13,17
frame=0,4,166,0,26,21,13,17
frame=0,5,166,21,26,21,13,17
frame=0,6,166,21,26,21,13,17
frame=0,7,166,42,26,21,13,17
frame=1,0,137,26,29,25,15,20
frame=1,1,137,51,29,25,15,20
frame=1,2,78,0,30,27,15,22
frame=1,3,78,27,30,27,15,22
frame=1,4,78,54,30,27,15,22
frame=1,5,108,52,29,25,14,20
frame=1,6,108,52,29,25,14,20
frame=1,7,78,81,30,27,15,22
frame=2,0,0,0,26,29,13,25
frame=2,1,0,29,26,29,13,25
frame=2,2,0,58,26,29,13,25
frame=2,3,26,0,26,29,13,25
frame=2,4,26,29,26,29,13,25
frame=2,5,26,58,26,29,13,25
frame=2,6,26,58,26,29,13,25
frame=2,7,52,0,26,29,13,25

[hit]
frames=1
duration=3
type=play_once
frame=0,0,166,63,26,21,13,17
frame=0,1,166,63,26,21,13,17
frame=0,2,137,76,26,21,13,17
frame=0,3,137,76,26,21,13,17
frame=0,4,137,76,26,21,13,17
frame=0,5,163,84,26,21,13,17
frame=0,6,163,84,26,21,13,17
frame=0,7,108,77,26,21,13,17

[block]
frames=3
duration=3
type=back_forth
frame=0,0,0,87,26,21,13,17
frame=0,1,26,87,26,21,13,17
frame=0,2,52,87,26,21,13,17
frame=0,3,52,87,26,21,13,17
frame=0,4,166,0,26,21,13,17
frame=0,5,166,21,26,21,13,17
frame=0,6,166,21,26,21,13,17
frame=0,7,166,42,26,21,13,17
frame=1,0,137,26,29,25,15,20
frame=1,1,137,51,29,25,15,20
frame=1,2,78,0,30,27,15,22
frame=1,3,78,27,30,27,15,22
frame=1,4,78,54,30,27,15,22
frame=1,5,108,52,29,25,14,20
frame=1,6,108,52,29,25,14,20
frame=1,7,78,81,30,27,15,22
frame=2,0,0,0,26,29,13,25
frame=2,1,0,29,26,29,13,25
frame=2,2,0,58,26,29,13,25
frame=2,3,26,0,26,29,13,25
frame=2,4,26,29,26,29,13,25
frame=2,5,26,58,26,29,13,25
frame=2,6,26,58,26,29,13,25
frame=2,7,52,0,26,29,13,25
