
image=images/enemies/zalkaz.png

[stance]
frames=3
duration=300ms
type=back_forth
frame=0,0,228,104,80,104,28,100
frame=0,1,148,104,80,106,28,100
frame=0,2,148,0,128,104,64,98
frame=0,3,148,0,128,104,64,98
frame=0,4,148,0,128,104,64,98
frame=0,5,308,104,80,100,40,94
frame=0,6,308,104,80,100,44,94
frame=0,7,276,0,128,104,64,114
frame=1,0,0,216,72,92,28,92
frame=1,1,0,216,72,92,28,92
frame=1,2,148,210,128,100,64,98
frame=1,3,148,210,128,100,64,98
frame=1,4,148,210,128,100,64,98
frame=1,5,72,216,72,92,32,86
frame=1,6,72,216,72,92,36,86
frame=1,7,276,208,128,100,64,114
frame=2,0,96,0,52,108,28,108
frame=2,1,96,0,52,108,28,108
frame=2,2,0,0,96,108,48,106
frame=2,3,0,0,96,108,48,106
frame=2,4,0,0,96,108,48,106
frame=2,5,96,108,52,108,12,102
frame=2,6,96,108,52,108,16,102
frame=2,7,0,108,96,108,48,122

[shoot]
frames=3
duration=300ms
type=back_forth
frame=0,0,228,104,80,104,28,100
frame=0,1,148,104,80,106,28,100
frame=0,2,148,0,128,104,64,98
frame=0,3,148,0,128,104,64,98
frame=0,4,148,0,128,104,64,98
frame=0,5,308,104,80,100,40,94
frame=0,6,308,104,80,100,44,94
frame=0,7,276,0,128,104,64,114
frame=1,0,0,216,72,92,28,92
frame=1,1,0,216,72,92,28,92
frame=1,2,148,210,128,100,64,98
frame=1,3,148,210,128,100,64,98
frame=1,4,148,210,128,100,64,98
frame=1,5,72,216,72,92,32,86
frame=1,6,72,216,72,92,36,86
frame=1,7,276,208,128,100,64,114
frame=2,0,96,0,52,108,28,108
frame=2,1,96,0,52,108,28,108
frame=2,2,0,0,96,108,48,106
frame=2,3,0,0,96,108,48,106
frame=2,4,0,0,96,108,48,106
frame=2,5,96,108,52,108,12,102
frame=2,6,96,108,52,108,16,102
frame=2,7,0,108,96,108,48,122

[hit]
frames=3
duration=300ms
type=back_forth
frame=0,0,228,104,80,104,28,100
frame=0,1,148,104,80,106,28,100
frame=0,2,148,0,128,104,64,98
frame=0,3,148,0,128,104,64,98
frame=0,4,148,0,128,104,64,98
frame=0,5,308,104,80,100,40,94
frame=0,6,308,104,80,100,44,94
frame=0,7,276,0,128,104,64,114
frame=1,0,0,216,72,92,28,92
frame=1,1,0,216,72,92,28,92
frame=1,2,148,210,128,100,64,98
frame=1,3,148,210,128,100,64,98
frame=1,4,148,210,128,100,64,98
frame=1,5,72,216,72,92,32,86
frame=1,6,72,216,72,92,36,86
frame=1,7,276,208,128,100,64,114
frame=2,0,96,0,52,108,28,108
frame=2,1,96,0,52,108,28,108
frame=2,2,0,0,96,108,48,106
frame=2,3,0,0,96,108,48,106
frame=2,4,0,0,96,108,48,106
frame=2,5,96,108,52,108,12,102
frame=2,6,96,108,52,108,16,102
frame=2,7,0,108,96,108,48,122

[cast]
frames=3
duration=300ms
type=back_forth
frame=0,0,228,104,80,104,28,100
frame=0,1,148,104,80,106,28,100
frame=0,2,148,0,128,104,64,98
frame=0,3,148,0,128,104,64,98
frame=0,4,148,0,128,104,64,98
frame=0,5,308,104,80,100,40,94
frame=0,6,308,104,80,100,44,94
frame=0,7,276,0,128,104,64,114
frame=1,0,0,216,72,92,28,92
frame=1,1,0,216,72,92,28,92
frame=1,2,148,210,128,100,64,98
frame=1,3,148,210,128,100,64,98
frame=1,4,148,210,128,100,64,98
frame=1,5,72,216,72,92,32,86
frame=1,6,72,216,72,92,36,86
frame=1,7,276,208,128,100,64,114
frame=2,0,96,0,52,108,28,108
frame=2,1,96,0,52,108,28,108
frame=2,2,0,0,96,108,48,106
frame=2,3,0,0,96,108,48,106
frame=2,4,0,0,96,108,48,106
frame=2,5,96,108,52,108,12,102
frame=2,6,96,108,52,108,16,102
frame=2,7,0,108,96,108,48,122

[swing]
frames=3
duration=300ms
type=back_forth
frame=0,0,228,104,80,104,28,100
frame=0,1,148,104,80,106,28,100
frame=0,2,148,0,128,104,64,98
frame=0,3,148,0,128,104,64,98
frame=0,4,148,0,128,104,64,98
frame=0,5,308,104,80,100,40,94
frame=0,6,308,104,80,100,44,94
frame=0,7,276,0,128,104,64,114
frame=1,0,0,216,72,92,28,92
frame=1,1,0,216,72,92,28,92
frame=1,2,148,210,128,100,64,98
frame=1,3,148,210,128,100,64,98
frame=1,4,148,210,128,100,64,98
frame=1,5,72,216,72,92,32,86
frame=1,6,72,216,72,92,36,86
frame=1,7,276,208,128,100,64,114
frame=2,0,96,0,52,108,28,108
frame=2,1,96,0,52,108,28,108
frame=2,2,0,0,96,108,48,106
frame=2,3,0,0,96,108,48,106
frame=2,4,0,0,96,108,48,106
frame=2,5,96,108,52,108,12,102
frame=2,6,96,108,52,108,16,102
frame=2,7,0,108,96,108,48,122

[run]
frames=3
duration=300ms
type=back_forth
frame=0,0,228,104,80,104,28,100
frame=0,1,148,104,80,106,28,100
frame=0,2,148,0,128,104,64,98
frame=0,3,148,0,128,104,64,98
frame=0,4,148,0,128,104,64,98
frame=0,5,308,104,80,100,40,94
frame=0,6,308,104,80,100,44,94
frame=0,7,276,0,128,104,64,114
frame=1,0,0,216,72,92,28,92
frame=1,1,0,216,72,92,28,92
frame=1,2,148,210,128,100,64,98
frame=1,3,148,210,128,100,64,98
frame=1,4,148,210,128,100,64,98
frame=1,5,72,216,72,92,32,86
frame=1,6,72,216,72,92,36,86
frame=1,7,276,208,128,100,64,114
frame=2,0,96,0,52,108,28,108
frame=2,1,96,0,52,108,28,108
frame=2,2,0,0,96,108,48,106
frame=2,3,0,0,96,108,48,106
frame=2,4,0,0,96,108,48,106
frame=2,5,96,108,52,108,12,102
frame=2,6,96,108,52,108,16,102
frame=2,7,0,108,96,108,48,122
