[header]
width=32
height=32
tilewidth=32
tileheight=32
music=music/winds_of_stories.ogg
tileset=tilesetdefs/sewer.txt
title=Secret Cavern

[tilesets]
tileset=tilesetdefs/../../../tiled/sewers/tiled_collision.png,32,32,0,0
tileset=tilesetdefs/../../../tiled/sewers/generic_background.png,32,32,0,0
tileset=tilesetdefs/../../../tiled/sewers/small_objects.png,32,64,0,0
tileset=tilesetdefs/../../../tiled/sewers/sewer_objects.png,32,128,0,0

[layer]
type=background
data=
158,158,158,158,158,158,158,158,158,158,158,158,158,158,158,158,158,158,158,158,158,158,158,158,158,158,158,158,158,158,158,158,
158,158,158,158,158,158,158,158,158,158,158,158,158,158,158,158,158,158,158,158,158,158,158,158,158,158,158,158,158,158,158,158,
158,158,158,158,158,158,347,347,347,347,158,158,158,158,158,158,158,158,158,158,158,158,158,158,158,158,158,158,158,158,158,158,
158,158,158,158,158,347,347,347,347,347,158,158,158,158,158,158,158,158,158,158,158,339,284,284,339,284,339,158,158,158,158,158,
158,158,158,158,347,347,347,347,347,347,347,158,158,158,158,158,158,158,158,158,158,339,339,284,284,284,284,158,158,158,158,158,
158,158,158,158,347,347,347,347,347,347,347,158,158,158,158,158,158,158,158,158,158,347,339,284,339,284,284,158,158,158,158,158,
158,158,158,158,347,347,347,347,347,347,347,347,347,347,347,158,158,158,158,158,158,347,284,284,284,284,339,158,158,158,158,158,
158,158,158,158,347,347,347,347,347,347,347,347,347,347,347,347,347,347,347,347,347,347,284,284,284,284,347,158,158,158,158,158,
158,158,158,158,347,347,347,347,347,347,347,347,347,347,347,347,347,347,347,347,347,347,347,284,284,347,158,158,158,158,158,158,
158,158,158,158,347,347,347,347,347,113,113,113,347,347,347,347,347,347,347,347,347,347,347,347,284,347,158,158,158,158,158,158,
158,158,158,158,347,347,347,347,347,113,113,113,347,347,347,347,347,347,347,347,347,347,347,347,158,158,158,158,158,158,158,158,
158,158,158,158,347,347,347,347,347,113,113,113,347,347,347,347,347,347,347,347,347,347,347,158,158,158,158,158,158,347,158,158,
158,158,158,158,347,347,347,347,347,347,347,347,347,347,347,347,347,347,347,347,347,347,347,347,347,347,347,347,347,347,158,158,
158,158,158,158,158,347,347,347,347,347,347,347,347,347,347,347,347,347,347,347,347,347,347,347,347,347,347,347,347,347,158,158,
158,158,158,158,347,347,347,347,347,347,347,347,347,347,347,347,347,347,347,347,347,347,347,347,347,347,347,347,347,347,158,158,
158,158,158,347,347,347,347,347,347,347,347,347,347,347,347,347,347,347,347,347,347,347,347,119,119,119,347,347,347,347,158,158,
158,158,158,347,347,347,284,284,347,347,347,347,347,347,347,347,347,347,347,347,347,347,347,119,119,119,347,347,347,347,158,158,
158,158,158,347,347,347,284,284,284,284,347,347,347,347,347,347,347,347,347,347,347,347,347,347,347,347,347,347,347,347,158,158,
158,158,158,347,347,347,284,284,284,284,347,347,347,347,347,347,347,347,347,347,347,347,347,347,347,347,347,347,347,347,158,158,
158,158,158,347,347,347,347,284,284,347,347,347,347,347,347,347,347,347,347,347,347,347,347,347,347,347,347,347,347,347,158,158,
158,158,158,347,347,347,347,347,347,347,347,347,347,347,347,347,347,347,347,347,347,347,347,347,347,347,347,347,347,347,158,158,
158,158,158,104,104,347,347,347,347,347,347,347,347,347,347,347,347,347,347,347,347,347,347,347,347,347,347,347,347,347,158,158,
158,158,158,104,104,347,347,347,347,347,347,347,347,347,347,347,347,347,347,347,347,347,347,347,347,347,347,347,347,158,158,158,
158,158,158,104,104,347,347,347,347,347,347,347,347,347,347,347,347,347,347,347,347,347,158,158,158,158,158,158,158,158,158,158,
158,158,158,158,158,158,347,347,347,347,347,347,347,347,347,347,347,347,347,347,347,347,158,158,158,158,158,158,158,158,158,158,
158,158,158,158,158,158,158,158,347,347,347,347,347,347,347,347,347,347,347,347,347,347,158,158,158,158,158,158,158,158,158,158,
158,158,158,158,158,158,158,158,158,158,158,158,158,347,347,347,347,347,347,347,347,347,158,158,158,158,158,158,158,158,158,158,
158,158,158,158,158,158,158,158,158,158,158,158,158,158,347,347,347,347,347,347,347,347,347,347,347,347,347,347,347,347,347,347,
158,158,158,158,158,158,158,158,158,158,158,158,158,158,158,158,347,347,347,347,347,347,347,347,347,347,347,347,347,347,347,347,
158,158,158,158,158,158,158,158,158,158,158,158,158,158,158,158,158,347,347,347,347,347,347,347,347,347,347,347,347,347,347,347,
158,158,158,158,158,158,158,158,158,158,158,158,158,158,158,158,158,158,158,158,347,347,347,347,347,347,347,347,347,347,347,347,
158,158,158,158,158,158,158,158,158,158,158,158,158,158,158,158,158,158,158,158,158,158,158,158,158,158,158,158,347,347,347,347

[layer]
type=fringe
data=
0,0,0,0,0,0,0,0,0,0,0,0,0,0,0,0,0,0,0,0,0,0,0,0,0,0,0,0,0,0,0,0,
0,0,0,0,0,0,0,0,0,0,0,0,0,0,0,0,0,0,0,0,0,0,0,0,0,0,0,0,0,0,0,0,
0,0,0,0,0,0,0,0,0,0,0,0,0,0,0,0,0,0,0,0,0,0,0,0,0,0,0,0,0,0,0,0,
0,0,0,0,0,0,0,0,0,0,0,0,0,0,0,0,0,0,0,0,0,0,0,0,0,0,0,0,0,0,0,0,
0,0,0,0,0,0,0,0,0,0,0,0,0,0,0,0,0,0,0,0,0,0,0,0,0,265,0,0,0,0,0,0,
0,0,0,0,0,0,0,0,0,0,0,0,0,0,0,0,0,0,0,0,0,0,0,0,0,0,0,0,0,0,0,0,
0,0,0,0,0,0,0,0,0,0,0,0,0,0,0,0,0,0,0,0,0,0,321,0,0,0,0,0,0,0,0,0,
0,0,0,0,0,0,0,0,0,0,0,0,0,0,0,0,0,0,0,0,0,0,293,321,0,0,0,0,0,0,0,0,
0,0,0,0,0,0,0,0,0,0,0,0,0,0,0,0,0,0,0,0,0,0,0,348,0,0,0,0,0,0,0,0,
0,0,0,0,0,0,0,0,0,266,374,267,0,0,0,0,0,0,0,0,0,0,0,0,0,0,0,0,0,0,0,0,
0,0,0,0,0,0,0,0,0,348,113,346,0,0,0,0,0,0,0,0,0,0,0,0,0,0,0,0,0,0,0,0,
0,0,0,0,0,0,0,0,0,293,320,294,0,0,0,0,0,0,0,0,0,0,0,0,0,0,0,0,0,0,0,0,
0,0,0,0,0,0,0,0,0,0,0,0,0,0,0,0,0,0,0,0,0,0,0,0,0,0,0,0,879,0,0,0,
0,0,0,0,0,0,0,265,0,0,0,0,0,0,0,265,0,0,0,0,0,0,0,0,0,0,0,0,0,0,0,0,
0,0,0,0,0,0,0,0,0,0,0,0,0,0,0,0,0,0,0,0,0,0,0,0,0,0,0,0,43,0,0,0,
0,0,0,0,0,0,0,0,0,0,0,0,0,0,0,0,0,0,0,0,0,0,0,0,0,0,0,0,0,0,0,0,
0,0,0,0,0,0,266,267,0,0,0,0,0,0,0,0,0,0,0,0,0,0,0,0,0,0,0,0,0,0,0,0,
0,0,0,0,0,0,348,373,374,267,0,0,0,0,0,0,0,0,0,0,0,0,0,146,146,146,0,0,0,0,0,0,
0,0,0,0,0,0,293,321,319,294,0,0,0,0,0,0,0,0,0,0,0,0,0,0,0,0,0,0,0,0,0,0,
0,0,0,0,0,0,0,293,294,0,0,0,0,0,0,0,0,0,0,0,0,0,0,0,0,0,0,0,0,0,0,0,
0,0,0,77,77,78,0,0,0,0,0,0,0,0,0,0,0,0,0,265,0,0,0,0,0,0,0,0,0,0,0,0,
0,0,0,158,158,105,0,0,0,0,0,0,0,0,0,0,0,0,0,0,0,0,0,0,0,0,0,0,0,0,0,0,
0,0,0,158,158,105,0,0,0,0,0,0,0,0,0,0,0,0,0,0,0,0,0,0,0,0,0,0,0,0,0,0,
0,0,0,158,158,105,0,0,0,0,0,0,0,0,43,0,0,0,265,0,0,0,0,0,0,0,0,0,0,0,0,0,
0,0,0,0,0,0,0,0,0,0,0,0,0,0,0,0,0,0,0,0,0,0,0,0,0,0,0,0,0,0,0,0,
0,0,0,0,0,0,0,0,0,0,0,0,0,0,0,0,0,0,0,0,0,0,0,0,0,0,0,0,0,0,0,0,
0,0,0,0,0,0,0,0,0,0,0,0,0,0,0,0,0,0,0,0,0,0,0,0,0,0,0,0,0,0,0,0,
0,0,0,0,0,0,0,0,0,0,0,0,0,0,0,0,0,0,0,0,0,0,0,0,0,0,0,0,0,0,0,0,
0,0,0,0,0,0,0,0,0,0,0,0,0,0,0,0,0,0,0,0,0,0,0,0,0,0,0,0,0,0,0,0,
0,0,0,0,0,0,0,0,0,0,0,0,0,0,0,0,0,0,0,0,0,0,0,0,0,0,0,0,0,0,43,0,
0,0,0,0,0,0,0,0,0,0,0,0,0,0,0,0,0,0,0,0,0,0,0,0,0,0,0,0,0,0,0,0,
0,0,0,0,0,0,0,0,0,0,0,0,0,0,0,0,0,0,0,0,0,0,0,0,0,0,0,0,0,0,0,0

[layer]
type=object
data=
0,0,0,0,0,0,0,0,0,0,0,0,0,0,0,0,0,0,0,0,0,0,0,0,0,0,0,0,0,0,0,0,
0,0,0,0,0,0,0,0,0,0,0,0,0,0,0,0,0,0,0,0,0,0,0,0,0,0,0,0,0,0,0,0,
0,0,0,0,0,0,0,0,0,0,0,0,0,0,0,0,0,0,0,0,0,0,0,0,0,0,0,0,0,0,0,0,
0,0,0,0,0,892,879,929,930,891,0,0,0,0,0,0,0,0,0,0,0,892,879,879,879,879,891,0,0,0,0,0,
0,0,0,0,892,880,0,0,0,878,891,0,0,0,0,0,0,0,0,0,0,885,0,179,0,0,883,0,0,0,0,0,
0,0,0,0,885,0,0,0,0,0,883,0,0,0,0,0,0,0,0,0,0,890,888,0,0,0,883,0,0,0,0,0,
0,0,0,0,885,0,0,0,0,0,878,879,879,879,891,0,0,0,0,0,0,892,880,0,0,179,883,0,0,0,0,0,
0,0,0,0,885,0,0,0,0,0,0,0,0,0,878,879,879,879,879,879,879,880,0,0,0,886,889,0,0,0,0,0,
0,0,0,0,885,0,0,0,0,0,0,0,0,0,0,0,0,0,0,0,0,0,0,0,0,883,0,0,0,0,0,0,
0,0,0,0,885,0,0,0,0,0,0,0,0,0,0,0,0,0,0,0,0,0,0,0,886,889,0,0,0,0,0,0,
0,0,0,0,885,0,0,0,0,0,0,0,0,0,0,0,0,0,0,0,0,0,886,887,889,0,0,0,0,0,0,0,
0,0,0,0,885,0,0,0,0,0,0,0,0,0,0,0,0,0,0,0,0,886,889,0,0,0,0,0,0,0,0,0,
0,0,0,0,885,0,0,0,0,0,0,0,0,0,0,0,0,0,0,0,0,878,879,879,879,879,879,879,894,891,0,0,
0,0,0,0,890,888,0,0,0,0,0,0,0,0,0,0,0,0,0,0,0,0,0,0,0,0,0,0,0,883,0,0,
0,0,0,0,892,880,0,0,0,0,0,0,0,0,0,0,0,0,0,0,0,0,886,887,887,887,888,0,0,883,0,0,
0,0,0,892,880,0,0,0,0,0,0,0,0,0,0,0,0,0,0,0,0,0,883,892,879,891,885,0,0,883,0,0,
0,0,0,885,0,0,0,0,0,0,0,0,0,0,0,0,0,0,0,0,0,0,883,885,0,883,885,0,0,883,0,0,
0,0,0,885,0,0,0,0,0,0,0,0,0,0,0,0,0,0,0,0,0,0,883,885,0,883,885,0,0,883,0,0,
0,0,0,885,0,0,0,0,0,0,0,0,0,0,0,0,0,0,0,0,0,0,878,880,0,878,880,0,0,883,0,0,
0,0,0,885,0,0,0,0,0,0,0,0,0,0,0,0,0,0,0,0,0,0,0,0,0,0,0,0,0,883,0,0,
0,0,0,885,0,0,0,0,0,0,0,0,0,0,0,0,0,0,0,0,0,0,0,0,0,0,0,0,0,883,0,0,
0,0,0,885,0,0,0,0,0,0,0,0,0,0,0,0,0,0,0,0,0,0,0,0,0,0,0,0,886,889,0,0,
0,0,0,885,0,0,0,0,0,0,0,0,0,0,0,0,0,0,0,0,0,886,887,887,887,887,887,887,889,0,0,0,
0,0,0,890,887,887,888,0,0,0,0,0,0,0,0,0,0,0,0,0,0,883,0,0,0,0,0,0,0,0,0,0,
0,0,0,0,0,0,890,888,0,0,0,0,0,0,0,0,0,0,0,0,0,883,0,0,0,0,0,0,0,0,0,0,
0,0,0,0,0,0,0,890,887,887,887,887,888,0,0,0,0,0,0,0,0,883,0,0,0,0,0,0,0,0,0,0,
0,0,0,0,0,0,0,0,0,0,0,0,890,887,888,0,0,0,0,0,0,883,0,0,0,0,0,0,0,0,0,0,
0,0,0,0,0,0,0,0,0,0,0,0,0,0,890,887,888,0,0,0,0,878,879,879,879,879,879,879,879,879,879,879,
0,0,0,0,0,0,0,0,0,0,0,0,0,0,0,0,890,888,0,0,0,0,0,0,0,0,0,0,0,0,0,0,
0,0,0,0,0,0,0,0,0,0,0,0,0,0,0,0,0,890,887,887,888,0,0,0,0,0,0,0,0,0,0,0,
0,0,0,0,0,0,0,0,0,0,0,0,0,0,0,0,0,0,0,0,890,887,887,887,887,887,887,887,888,0,0,0,
0,0,0,0,0,0,0,0,0,0,0,0,0,0,0,0,0,0,0,0,0,0,0,0,0,0,0,0,890,887,887,887

[layer]
type=foreground
data=
0,0,0,0,0,0,0,0,0,0,0,0,0,0,0,0,0,0,0,0,0,0,0,0,0,0,0,0,0,0,0,0,
0,0,0,0,0,0,0,0,0,0,0,0,0,0,0,0,0,0,0,0,0,0,0,0,0,0,0,0,0,0,0,0,
0,0,0,0,0,0,0,0,0,0,0,0,0,0,0,0,0,0,0,0,0,0,0,0,0,0,0,0,0,0,0,0,
0,0,0,0,0,0,0,0,0,0,0,0,0,0,0,0,0,0,0,0,0,0,0,0,0,0,0,0,0,0,0,0,
0,0,0,0,0,0,0,0,0,0,0,0,0,0,0,0,0,0,0,0,0,0,0,0,0,0,0,0,0,0,0,0,
0,0,0,0,0,0,0,0,0,0,0,0,0,0,0,0,0,0,0,0,0,0,0,0,0,0,0,0,0,0,0,0,
0,0,0,0,0,0,0,0,0,0,0,0,0,0,0,0,0,0,0,0,0,0,0,0,0,0,0,0,0,0,0,0,
0,0,0,0,0,0,0,0,0,0,0,0,0,0,0,0,0,0,0,0,0,0,0,0,0,0,0,0,0,0,0,0,
0,0,0,0,0,0,0,0,0,0,0,0,0,0,0,0,0,0,0,0,0,0,0,0,0,0,0,0,0,0,0,0,
0,0,0,0,0,0,0,0,0,0,0,0,0,0,0,0,0,0,0,0,0,0,0,0,0,0,0,0,0,0,0,0,
0,0,0,0,0,0,0,0,0,0,0,0,0,0,0,0,0,0,0,0,0,0,0,0,0,0,0,0,0,0,0,0,
0,0,0,0,0,0,0,0,0,0,0,0,0,0,0,0,0,0,0,0,0,0,0,0,0,0,0,0,0,0,0,0,
0,0,0,0,0,0,0,0,0,0,0,0,0,0,0,0,0,0,0,0,0,0,0,0,0,0,0,0,0,0,0,0,
0,0,0,0,0,0,0,0,0,0,0,0,0,0,0,0,0,0,0,0,0,0,0,0,0,0,0,0,0,0,0,0,
0,0,0,0,0,0,0,0,0,0,0,0,0,0,0,0,0,0,0,0,0,0,0,0,0,0,0,0,0,0,0,0,
0,0,0,0,0,0,0,0,0,0,0,0,0,0,0,0,0,0,0,0,0,0,0,0,0,0,0,0,0,0,0,0,
0,0,0,0,0,0,0,0,0,0,0,0,0,0,0,0,0,0,0,0,0,0,0,0,0,0,0,0,0,0,0,0,
0,0,0,0,0,0,0,0,0,0,0,0,0,0,0,0,0,0,0,0,0,0,0,0,0,0,0,0,0,0,0,0,
0,0,0,0,0,0,0,0,0,0,0,0,0,0,0,0,0,0,0,0,0,0,0,0,0,0,0,0,0,0,0,0,
0,0,0,0,0,0,0,0,0,0,0,0,0,0,0,0,0,0,0,0,0,0,0,0,0,0,0,0,0,0,0,0,
0,0,0,0,0,0,0,0,0,0,0,0,0,0,0,0,0,0,0,0,0,0,0,0,0,0,0,0,0,0,0,0,
0,0,0,0,0,0,0,0,0,0,0,0,0,0,0,0,0,0,0,0,0,0,0,0,0,0,0,0,0,0,0,0,
0,0,0,0,0,0,0,0,0,0,0,0,0,0,0,0,0,0,0,0,0,0,0,0,0,0,0,0,0,0,0,0,
0,0,0,0,0,0,0,0,0,0,0,0,0,0,0,0,0,0,0,0,0,0,0,0,0,0,0,0,0,0,0,0,
0,0,0,0,0,0,0,0,0,0,0,0,0,0,0,0,0,0,0,0,0,0,0,0,0,0,0,0,0,0,0,0,
0,0,0,0,0,0,0,0,0,0,0,0,0,0,0,0,0,0,0,0,0,0,0,0,0,0,0,0,0,0,0,0,
0,0,0,0,0,0,0,0,0,0,0,0,0,0,0,0,0,0,0,0,0,0,0,0,0,0,0,0,0,0,0,0,
0,0,0,0,0,0,0,0,0,0,0,0,0,0,0,0,0,0,0,0,0,0,0,0,0,0,0,0,0,0,0,0,
0,0,0,0,0,0,0,0,0,0,0,0,0,0,0,0,0,0,0,0,0,0,0,0,0,0,0,0,0,0,0,0,
0,0,0,0,0,0,0,0,0,0,0,0,0,0,0,0,0,0,0,0,0,0,0,0,0,0,0,0,0,0,0,0,
0,0,0,0,0,0,0,0,0,0,0,0,0,0,0,0,0,0,0,0,0,0,0,0,0,0,0,0,0,0,0,0,
0,0,0,0,0,0,0,0,0,0,0,0,0,0,0,0,0,0,0,0,0,0,0,0,0,0,0,0,0,0,0,0

[layer]
type=collision
data=
0,0,0,0,0,0,0,0,0,0,0,0,0,0,0,0,0,0,0,0,0,0,0,0,0,0,0,0,0,0,0,0,
0,0,0,0,0,0,1,1,1,1,0,0,0,0,0,0,0,0,0,0,0,0,0,0,0,0,0,0,0,0,0,0,
0,0,0,0,0,0,1,0,0,1,0,0,0,0,0,0,0,0,0,0,0,0,0,0,0,0,0,0,0,0,0,0,
0,0,0,0,0,1,1,0,0,1,0,0,0,0,0,0,0,0,0,0,0,1,1,1,1,1,1,0,0,0,0,0,
0,0,0,0,1,1,0,0,0,1,1,0,0,0,0,0,0,0,0,0,0,1,0,3,0,0,1,0,0,0,0,0,
0,0,0,0,1,0,0,0,0,0,1,0,0,0,0,0,0,0,0,0,0,1,1,0,0,0,1,0,0,0,0,0,
0,0,0,0,1,0,0,0,0,0,1,1,1,1,1,0,0,0,0,0,0,1,1,0,0,3,1,0,0,0,0,0,
0,0,0,0,1,0,0,0,0,0,0,0,0,0,1,1,1,1,1,1,1,1,0,0,0,1,1,0,0,0,0,0,
0,0,0,0,1,0,0,0,0,0,0,0,0,0,0,0,0,0,0,0,0,0,0,0,0,1,0,0,0,0,0,0,
0,0,0,0,1,0,0,0,0,0,0,0,0,0,0,0,0,0,0,0,0,0,0,0,1,1,0,0,0,0,0,0,
0,0,0,0,1,0,0,0,0,0,0,0,0,0,0,0,0,0,0,0,0,0,1,1,1,0,0,0,0,0,0,0,
0,0,0,0,1,0,0,0,0,0,0,0,0,0,0,0,0,0,0,0,0,1,1,0,0,0,0,1,1,1,0,0,
0,0,0,0,1,0,0,0,0,0,0,0,0,0,0,0,0,0,0,0,0,1,1,1,1,1,1,1,0,1,0,0,
0,0,0,0,1,1,0,0,0,0,0,0,0,0,0,0,0,0,0,0,0,0,0,0,0,0,0,0,0,1,0,0,
0,0,0,0,1,1,0,0,0,0,0,0,0,0,0,0,0,0,0,0,0,0,0,1,1,1,0,0,0,1,0,0,
0,0,0,1,1,0,0,0,0,0,0,0,0,0,0,0,0,0,0,0,0,0,1,1,4,1,1,0,0,1,0,0,
0,0,0,1,0,0,0,0,0,0,0,0,0,0,0,0,0,0,0,0,0,0,1,1,4,1,1,0,0,1,0,0,
0,0,0,1,0,0,0,0,0,0,0,0,0,0,0,0,0,0,0,0,0,0,1,1,4,1,1,0,0,1,0,0,
0,0,0,1,0,0,0,0,0,0,0,0,0,0,0,0,0,0,0,0,0,0,1,1,0,1,1,0,0,1,0,0,
0,0,0,1,0,0,0,0,0,0,0,0,0,0,0,0,0,0,0,0,0,0,0,0,0,0,0,0,0,1,0,0,
0,0,0,1,2,2,0,0,0,0,0,0,0,0,0,0,0,0,0,0,0,0,0,0,0,0,0,0,0,1,0,0,
0,0,0,1,4,2,0,0,0,0,0,0,0,0,0,0,0,0,0,0,0,0,0,0,0,0,0,0,1,1,0,0,
0,0,0,1,4,2,0,0,0,0,0,0,0,0,0,0,0,0,0,0,0,1,1,1,1,1,1,1,1,0,0,0,
0,0,0,1,1,1,1,0,0,0,0,0,0,0,0,0,0,0,0,0,0,1,0,0,0,0,0,0,0,0,0,0,
0,0,0,0,0,0,1,1,0,0,0,0,0,0,0,0,0,0,0,0,0,1,0,0,0,0,0,0,0,0,0,0,
0,0,0,0,0,0,0,1,1,1,1,1,1,0,0,0,0,0,0,0,0,1,0,0,0,0,0,0,0,0,0,0,
0,0,0,0,0,0,0,0,0,0,0,0,1,1,1,0,0,0,0,0,0,1,0,0,0,0,0,0,0,0,0,0,
0,0,0,0,0,0,0,0,0,0,0,0,0,0,1,1,1,0,0,0,0,1,1,1,1,1,1,1,1,1,1,1,
0,0,0,0,0,0,0,0,0,0,0,0,0,0,0,0,1,1,0,0,0,0,0,0,0,0,0,0,0,0,0,0,
0,0,0,0,0,0,0,0,0,0,0,0,0,0,0,0,0,1,1,1,1,0,0,0,0,0,0,0,0,0,0,0,
0,0,0,0,0,0,0,0,0,0,0,0,0,0,0,0,0,0,0,0,1,1,1,1,1,1,1,1,1,0,0,0,
0,0,0,0,0,0,0,0,0,0,0,0,0,0,0,0,0,0,0,0,0,0,0,0,0,0,0,0,1,1,1,1

[event]
# Teleport to Basement4
type=on_trigger
location=31,28,1,3
intermap=basement4.txt,1,3

[event]
# Teleport to Basement 2
type=on_trigger
location=28,12,1,1
intermap=basement2.txt,27,8

[event]
# Teleport to Basement 5
type=on_trigger
location=7,2,2,1
intermap=basement5.txt,27,23

[event]
# Chest
type=run_once
location=23,4,1,1
hotspot=location
loot=3,23,5,fixed,1
mapmod=object,23,4,206
tooltip=Chest

[event]
# Chest
type=run_once
location=25,6,1,1
hotspot=location
loot=1,25,7,fixed,2
mapmod=object,25,6,206
tooltip=Chest

[enemy]
# Ruby Snake
type=rubysnake
location=4,18,1,1

[enemygroup]
# 2 Skeletons
type=skeleton
location=23,5,2,2
level=1,1
number=2,2

[enemygroup]
# 2 Beetles
type=beetle
location=6,8,6,6
level=1,1
number=2,2

