[header]
width=32
height=32
tilewidth=32
tileheight=32
music=winds_of_stories.ogg
tileset=sewer.txt
title=Sewer

[tilesets]
tileset=../../../tiled/sewers/tiled_collision.png,32,32,0,0
tileset=../../../tiled/sewers/generic_background.png,32,32,0,0
tileset=../../../tiled/sewers/small_objects.png,32,64,0,0
tileset=../../../tiled/sewers/sewer_objects.png,32,128,0,0

[layer]
type=background
data=
341,341,341,341,341,341,341,341,260,368,368,368,261,341,341,341,341,341,341,341,341,341,342,344,344,344,344,344,344,344,340,341,
341,341,341,341,341,341,341,341,342,317,317,317,340,341,341,341,341,341,341,341,341,341,342,344,344,344,344,344,344,344,340,341,
341,341,341,341,341,341,341,341,342,344,344,344,340,341,341,341,341,341,341,341,341,341,342,344,344,344,344,344,344,344,340,341,
341,341,341,341,341,341,341,341,342,344,344,344,362,341,341,341,341,341,341,341,341,341,362,344,344,344,344,344,344,344,340,341,
341,341,341,341,341,347,341,341,342,344,344,344,340,341,341,341,341,341,341,341,341,341,342,344,344,344,344,344,344,344,340,341,
341,341,341,341,341,341,341,341,342,371,371,371,340,341,341,341,341,341,341,341,341,341,342,344,344,344,344,344,344,344,340,341,
341,341,260,368,368,368,368,368,287,314,314,314,288,368,368,368,261,341,341,341,341,341,342,344,344,344,344,344,344,344,340,341,
341,341,342,317,317,317,317,317,317,317,317,317,317,317,317,317,340,341,341,341,341,341,342,344,344,344,344,344,344,344,340,341,
341,341,342,344,344,344,344,344,344,344,344,344,344,344,344,344,362,341,341,341,341,341,362,344,344,344,344,344,344,344,340,341,
341,341,342,344,344,344,344,344,344,344,344,344,344,344,344,344,340,341,341,341,341,341,264,344,344,344,344,344,344,344,340,341,
341,341,342,344,344,344,344,344,344,344,344,344,344,344,344,344,340,341,341,341,341,341,342,371,371,371,371,371,371,371,340,341,
341,341,342,344,344,344,344,344,344,344,344,344,344,344,344,344,340,341,341,341,341,341,287,314,314,314,314,314,314,314,288,341,
341,341,342,344,344,344,344,344,344,344,344,344,344,344,344,344,340,341,341,341,341,341,341,341,341,341,341,341,341,341,341,341,
341,341,342,371,371,371,371,371,371,371,371,371,371,371,371,371,340,341,341,341,341,341,341,341,341,347,347,347,347,341,341,341,
341,341,287,314,314,314,314,314,314,314,314,314,314,314,314,314,288,341,341,341,341,341,341,341,341,347,347,347,347,341,341,341,
341,341,341,341,341,341,341,341,341,341,341,341,341,341,341,341,341,341,341,341,341,341,341,260,368,368,368,368,368,368,261,341,
260,368,368,368,368,368,368,368,368,261,341,341,341,341,341,341,341,341,341,341,341,341,341,342,317,317,317,317,317,317,340,341,
342,317,317,317,317,317,317,317,317,340,341,341,341,341,341,341,341,341,341,341,341,341,341,342,344,344,344,344,344,344,340,341,
342,344,344,344,344,344,344,344,344,340,341,341,341,341,341,341,341,341,341,341,341,341,341,342,344,344,344,344,344,344,340,341,
342,344,344,344,344,344,344,344,344,340,341,260,368,368,368,368,368,261,341,341,341,341,341,342,344,344,344,344,344,344,340,341,
342,344,344,344,344,344,344,344,344,340,341,342,317,317,317,317,317,340,341,341,341,341,341,342,344,344,344,344,344,344,340,341,
342,344,344,344,344,344,344,344,344,340,341,342,344,344,344,344,344,362,341,341,341,341,341,362,344,344,344,344,344,344,340,341,
342,344,344,344,344,344,344,344,344,340,341,342,344,344,344,344,344,340,341,341,341,341,341,342,344,344,344,344,344,344,340,341,
342,344,263,371,371,371,371,371,371,340,341,342,344,344,344,344,344,340,341,341,341,341,341,342,371,371,371,371,371,371,340,341,
342,344,313,314,314,314,314,314,314,288,341,342,344,344,344,344,344,340,341,341,341,341,341,287,314,314,314,314,314,314,288,341,
342,344,362,341,341,341,341,341,341,341,341,362,344,344,344,344,344,340,341,341,341,341,341,341,341,341,260,368,368,368,368,261,
342,344,367,368,368,368,368,368,368,261,341,342,344,344,344,344,344,340,341,341,341,341,341,341,341,341,342,344,344,344,344,340,
342,344,317,317,317,317,317,317,317,340,341,342,371,371,371,371,371,340,341,341,341,341,341,341,341,341,342,344,481,483,344,340,
342,344,344,344,344,344,344,344,344,340,341,287,314,314,314,314,314,288,341,341,341,341,341,341,341,341,342,344,508,510,344,340,
342,344,344,344,344,344,344,344,344,340,341,341,341,347,347,347,341,341,341,341,341,341,341,341,341,341,342,344,508,510,344,340,
342,371,371,371,371,371,371,371,371,340,341,341,341,347,347,347,341,341,341,341,341,341,341,341,341,341,342,344,535,537,344,340,
287,314,314,314,314,314,314,314,314,288,341,341,341,341,341,341,341,341,341,341,341,341,341,341,341,341,342,273,273,273,273,340

[layer]
type=fringe
data=
0,0,0,0,0,0,0,0,0,0,0,0,0,0,0,0,0,0,0,0,0,0,343,0,0,0,0,0,0,0,345,0,
0,0,0,0,0,0,0,0,316,0,0,0,318,0,0,0,0,0,0,0,0,0,343,0,0,0,0,0,0,0,345,0,
0,0,0,0,0,0,0,0,343,0,0,0,290,0,0,0,0,0,0,0,0,0,291,0,0,0,0,0,0,0,345,0,
0,0,0,0,319,320,321,0,343,0,0,0,345,523,523,523,523,523,523,523,523,523,343,0,0,0,0,0,0,0,345,0,
0,0,0,0,346,0,348,0,343,0,0,0,263,0,0,0,0,0,0,0,0,0,264,0,0,0,0,0,0,0,345,0,
0,0,0,0,373,374,375,0,370,0,0,0,372,0,0,0,0,0,0,0,0,0,343,0,0,0,0,0,0,0,345,0,
0,0,0,0,0,0,0,0,0,0,0,0,0,0,0,0,0,0,0,0,0,0,343,0,0,0,0,0,0,0,345,0,
0,0,316,317,317,317,317,317,317,317,317,317,317,317,317,317,290,0,0,0,0,0,291,0,0,0,0,0,0,0,345,0,
0,0,343,0,0,0,0,0,0,0,0,0,0,0,0,0,345,523,523,523,523,523,343,0,0,0,0,0,0,0,345,0,
0,0,343,0,0,0,0,0,0,0,0,0,0,0,0,0,263,0,0,0,0,0,343,0,0,0,0,0,0,0,345,0,
0,0,343,0,0,0,0,0,0,0,0,0,0,0,0,0,345,0,0,0,0,0,370,0,0,0,0,0,0,0,372,0,
0,0,343,0,0,0,0,0,0,0,0,0,0,0,0,0,345,0,0,0,0,0,0,0,0,0,0,0,0,0,0,0,
0,0,343,0,417,0,0,0,0,0,0,0,0,0,0,0,345,0,0,0,0,0,0,0,319,320,320,320,320,321,0,0,
0,0,370,0,444,0,0,0,0,0,0,0,0,0,0,0,372,0,0,0,0,0,0,0,346,0,0,0,0,348,0,0,
0,0,0,0,444,0,0,0,0,0,0,0,0,0,0,0,0,0,0,0,0,0,0,0,346,0,0,0,0,348,0,0,
0,0,0,0,444,0,0,0,0,0,0,0,0,0,0,0,0,0,0,0,0,0,0,0,373,374,374,374,374,375,0,0,
0,0,0,0,444,0,0,0,0,0,0,0,0,0,0,0,0,0,0,0,0,0,0,316,0,0,0,0,0,0,318,0,
316,0,0,0,471,0,0,0,0,318,0,0,0,0,0,0,0,0,0,0,0,0,0,343,0,0,0,0,0,0,345,0,
343,0,0,0,0,0,0,0,0,345,0,0,0,0,0,0,0,0,0,0,0,0,0,343,0,0,0,0,0,0,345,0,
343,0,0,0,0,0,0,0,0,345,0,0,0,0,0,0,0,0,0,0,0,0,0,343,0,0,0,0,0,0,345,0,
343,0,0,0,0,0,0,0,0,345,0,316,0,0,0,0,0,290,0,0,0,0,0,291,0,0,0,0,0,0,345,0,
343,0,0,0,0,0,0,0,0,345,0,343,0,0,0,0,0,345,523,523,523,523,523,343,0,0,0,0,0,0,345,0,
343,0,0,0,0,0,0,0,0,345,0,343,0,0,0,0,0,263,0,0,0,0,0,264,0,0,0,0,417,0,345,0,
343,0,0,0,0,0,0,0,0,372,0,343,0,0,0,0,0,345,0,0,0,0,0,370,0,0,0,0,444,0,372,0,
343,0,290,0,0,0,0,0,0,0,0,291,0,0,0,0,0,345,0,0,0,0,0,0,0,0,0,0,444,0,0,0,
343,0,345,523,523,523,523,523,523,523,523,343,0,0,0,0,0,345,0,0,0,0,0,0,0,0,0,0,444,0,0,0,
343,0,263,0,0,0,0,0,0,0,0,343,0,0,0,0,0,345,0,0,0,0,0,0,0,0,316,317,471,317,317,318,
343,0,0,0,0,0,0,0,0,318,0,370,0,0,0,0,0,372,0,0,0,0,0,0,0,0,343,0,0,0,0,345,
343,0,0,0,0,0,0,0,0,345,0,0,319,320,320,320,321,0,0,0,0,0,0,0,0,0,343,0,0,0,0,345,
343,0,0,0,0,0,0,0,0,345,0,0,346,0,0,0,348,0,0,0,0,0,0,0,0,0,343,0,0,0,0,345,
370,0,0,0,0,0,0,0,0,372,0,0,346,0,0,0,348,0,0,0,0,0,0,0,0,0,343,0,0,0,0,345,
0,0,0,0,0,0,0,0,0,0,0,0,373,374,374,374,375,0,0,0,0,0,0,0,0,0,343,0,0,0,0,345

[layer]
type=object
data=
0,0,0,0,0,0,0,0,0,0,0,0,0,0,0,0,0,0,0,0,0,0,490,0,967,969,970,971,969,968,490,0,
0,0,0,0,0,0,0,0,516,463,463,463,518,0,0,0,0,0,0,0,0,0,490,0,0,0,0,0,0,0,490,0,
0,0,0,0,0,0,0,0,490,179,0,0,543,496,497,497,497,497,497,497,497,498,545,0,0,0,0,0,0,0,490,0,
0,0,0,0,0,0,0,0,490,179,0,0,543,496,497,497,497,497,497,497,497,498,545,0,0,0,0,0,0,0,490,0,
0,0,0,0,0,0,0,0,570,463,463,463,572,0,0,0,0,0,0,0,0,0,490,0,0,0,0,0,0,0,490,0,
0,0,0,0,0,0,0,0,0,0,0,0,0,0,0,0,0,0,0,0,0,0,490,0,0,0,0,0,0,0,490,0,
0,0,0,0,0,0,0,0,0,0,0,0,0,0,0,0,0,0,0,0,0,0,490,0,0,0,0,0,0,0,490,0,
0,0,516,463,463,463,463,463,463,463,463,463,463,463,463,463,517,496,497,497,497,498,545,0,0,0,0,0,0,0,490,0,
0,0,490,239,0,0,0,0,0,0,0,0,0,0,0,0,543,496,497,497,497,498,545,0,0,0,0,0,0,239,490,0,
0,0,490,0,0,0,0,0,0,0,0,0,0,0,0,0,490,0,0,0,0,0,570,463,463,463,463,463,463,463,572,0,
0,0,490,0,0,0,0,0,0,0,0,0,0,0,0,0,490,0,0,0,0,0,0,0,0,0,0,0,0,0,0,0,
0,0,490,0,0,0,0,0,0,0,0,0,0,0,0,0,490,0,0,0,0,0,0,0,0,0,0,0,0,0,0,0,
0,0,570,463,598,463,463,463,463,463,463,463,463,463,463,463,572,0,0,0,0,0,0,0,0,0,0,0,0,0,0,0,
0,0,0,0,0,0,0,0,0,0,0,0,0,0,0,0,0,0,0,0,0,0,0,0,0,0,0,0,0,0,0,0,
0,0,0,0,0,0,0,0,0,0,0,0,0,0,0,0,0,0,0,0,0,0,0,0,0,0,0,0,0,0,0,0,
0,0,0,0,0,0,0,0,0,0,0,0,0,0,0,0,0,0,0,0,0,0,0,0,0,0,0,0,0,0,0,0,
0,0,0,0,0,0,0,0,0,0,0,0,0,0,0,0,0,0,0,0,0,0,0,516,463,463,463,463,463,463,518,0,
516,463,463,463,598,463,463,463,463,518,0,0,0,0,0,0,0,0,0,0,0,0,0,490,0,0,0,0,0,239,490,0,
490,0,0,0,0,0,0,0,0,490,0,0,0,0,0,0,0,0,0,0,0,0,0,490,0,0,0,0,0,0,490,0,
490,0,0,0,0,0,0,0,0,490,0,0,0,0,0,0,0,0,0,0,0,0,0,490,0,0,0,0,0,0,490,0,
490,0,0,0,0,0,0,0,0,490,0,516,463,463,463,463,463,517,496,497,497,497,498,545,0,0,0,0,0,0,490,0,
490,0,0,0,0,0,0,0,0,490,0,490,0,0,0,0,0,543,496,497,497,497,498,545,0,0,0,0,0,0,490,0,
490,0,516,463,463,463,463,463,463,572,0,490,0,0,0,0,0,490,0,0,0,0,0,570,463,463,463,463,0,463,572,0,
490,0,490,0,0,0,0,0,0,0,0,490,0,0,0,0,0,490,0,0,0,0,0,0,0,0,0,0,0,0,0,0,
490,0,543,496,497,497,497,497,497,497,498,545,0,0,0,0,0,490,0,0,0,0,0,0,0,0,0,0,0,0,0,0,
490,0,543,496,497,497,497,497,497,497,498,545,0,0,0,0,239,490,0,0,0,0,0,0,0,0,0,0,0,0,0,0,
490,0,490,0,0,0,0,0,0,0,0,570,463,463,463,463,463,572,0,0,0,0,0,0,0,0,516,463,0,463,463,518,
490,0,570,463,463,463,463,463,463,518,0,0,0,0,0,0,0,0,0,0,0,0,0,0,0,0,490,0,0,0,865,490,
490,0,0,0,0,0,0,0,239,490,0,0,0,0,0,0,0,0,0,0,0,0,0,0,0,0,490,0,0,0,0,490,
570,463,463,463,463,463,463,463,463,572,0,0,0,0,0,0,0,0,0,0,0,0,0,0,0,0,490,0,0,0,0,490,
0,0,0,0,0,0,0,0,0,0,0,0,0,0,0,0,0,0,0,0,0,0,0,0,0,0,490,962,970,971,964,490,
0,0,0,0,0,0,0,0,0,0,0,0,0,0,0,0,0,0,0,0,0,0,0,0,0,0,967,0,0,0,0,968

[layer]
type=foreground
data=
0,0,0,0,0,0,0,0,0,0,0,0,0,0,0,0,0,0,0,0,0,0,0,0,0,0,0,0,0,0,0,0,
0,0,0,0,0,0,0,0,0,0,0,0,0,0,0,0,0,0,0,0,0,0,0,0,0,0,0,0,0,0,0,0,
0,0,0,0,0,0,0,0,0,0,0,0,0,0,0,0,0,0,0,0,0,0,0,0,0,0,0,0,0,0,0,0,
0,0,0,0,0,0,0,0,0,0,0,0,0,0,0,0,0,0,0,0,0,0,0,0,0,0,0,0,0,0,0,0,
0,0,0,0,0,0,0,0,0,0,0,0,0,0,0,0,0,0,0,0,0,0,0,0,0,0,0,0,0,0,0,0,
0,0,0,0,0,0,0,0,0,0,0,0,0,0,0,0,0,0,0,0,0,0,0,0,0,0,0,0,0,0,0,0,
0,0,0,0,0,0,0,0,0,0,0,0,0,0,0,0,0,0,0,0,0,0,0,0,0,0,0,0,0,0,0,0,
0,0,0,0,0,0,0,0,0,0,0,0,0,0,0,0,0,0,0,0,0,0,0,0,0,0,0,0,0,0,0,0,
0,0,0,0,0,0,0,0,0,0,0,0,0,0,0,0,0,0,0,0,0,0,0,0,0,0,0,0,0,0,0,0,
0,0,0,0,0,0,0,0,0,0,0,0,0,0,0,0,0,0,0,0,0,0,0,0,0,0,0,0,0,0,0,0,
0,0,0,0,0,0,0,0,0,0,0,0,0,0,0,0,0,0,0,0,0,0,0,0,0,0,0,0,0,0,0,0,
0,0,0,0,0,0,0,0,0,0,0,0,0,0,0,0,0,0,0,0,0,0,0,0,0,0,0,0,0,0,0,0,
0,0,0,0,0,0,0,0,0,0,0,0,0,0,0,0,0,0,0,0,0,0,0,0,0,0,0,0,0,0,0,0,
0,0,0,0,0,0,0,0,0,0,0,0,0,0,0,0,0,0,0,0,0,0,0,0,0,0,0,0,0,0,0,0,
0,0,0,0,0,0,0,0,0,0,0,0,0,0,0,0,0,0,0,0,0,0,0,0,0,0,0,0,0,0,0,0,
0,0,0,0,0,0,0,0,0,0,0,0,0,0,0,0,0,0,0,0,0,0,0,0,0,0,0,0,0,0,0,0,
0,0,0,0,0,0,0,0,0,0,0,0,0,0,0,0,0,0,0,0,0,0,0,0,0,0,0,0,0,0,0,0,
0,0,0,0,0,0,0,0,0,0,0,0,0,0,0,0,0,0,0,0,0,0,0,0,0,0,0,0,0,0,0,0,
0,0,0,0,0,0,0,0,0,0,0,0,0,0,0,0,0,0,0,0,0,0,0,0,0,0,0,0,0,0,0,0,
0,0,0,0,0,0,0,0,0,0,0,0,0,0,0,0,0,0,0,0,0,0,0,0,0,0,0,0,0,0,0,0,
0,0,0,0,0,0,0,0,0,0,0,0,0,0,0,0,0,0,0,0,0,0,0,0,0,0,0,0,0,0,0,0,
0,0,0,0,0,0,0,0,0,0,0,0,0,0,0,0,0,0,0,0,0,0,0,0,0,0,0,0,0,0,0,0,
0,0,0,0,0,0,0,0,0,0,0,0,0,0,0,0,0,0,0,0,0,0,0,0,0,0,0,0,0,0,0,0,
0,0,0,0,0,0,0,0,0,0,0,0,0,0,0,0,0,0,0,0,0,0,0,0,0,0,0,0,0,0,0,0,
0,0,0,0,0,0,0,0,0,0,0,0,0,0,0,0,0,0,0,0,0,0,0,0,0,0,0,0,0,0,0,0,
0,0,0,0,0,0,0,0,0,0,0,0,0,0,0,0,0,0,0,0,0,0,0,0,0,0,0,0,0,0,0,0,
0,0,0,0,0,0,0,0,0,0,0,0,0,0,0,0,0,0,0,0,0,0,0,0,0,0,0,0,0,0,0,0,
0,0,0,0,0,0,0,0,0,0,0,0,0,0,0,0,0,0,0,0,0,0,0,0,0,0,0,0,0,0,0,0,
0,0,0,0,0,0,0,0,0,0,0,0,0,0,0,0,0,0,0,0,0,0,0,0,0,0,0,0,0,0,0,0,
0,0,0,0,0,0,0,0,0,0,0,0,0,0,0,0,0,0,0,0,0,0,0,0,0,0,0,0,0,0,0,0,
0,0,0,0,0,0,0,0,0,0,0,0,0,0,0,0,0,0,0,0,0,0,0,0,0,0,0,0,0,0,0,0,
0,0,0,0,0,0,0,0,0,0,0,0,0,0,0,0,0,0,0,0,0,0,0,0,0,0,0,0,0,0,0,0

[layer]
type=collision
data=
4,4,4,4,4,4,4,4,4,4,4,4,4,4,4,4,4,4,4,4,4,4,1,0,0,0,0,0,0,0,1,4,
4,4,4,4,4,4,4,4,1,1,1,1,1,4,4,4,4,4,4,4,4,4,1,0,0,0,0,0,0,0,1,4,
4,4,4,4,4,4,4,4,1,3,0,0,1,1,1,1,1,1,1,1,1,1,1,0,0,0,0,0,0,0,1,4,
4,4,4,4,4,4,4,4,1,3,0,0,1,0,0,0,0,0,0,0,0,0,1,0,0,0,0,0,0,0,1,4,
4,4,4,4,4,0,4,4,1,1,1,1,1,1,1,1,1,1,1,1,1,1,1,0,0,0,0,0,0,0,1,4,
4,4,4,4,4,4,4,4,4,4,4,4,4,4,4,4,4,4,4,4,4,4,1,0,0,0,0,0,0,0,1,4,
4,4,4,4,4,4,4,4,4,4,4,4,4,4,4,4,4,4,4,4,4,4,1,0,0,0,0,0,0,0,1,4,
4,4,1,1,1,1,1,1,1,1,1,1,1,1,1,1,1,1,1,1,1,1,1,0,0,0,0,0,0,0,1,4,
4,4,1,3,0,0,0,0,0,0,0,0,0,0,0,0,1,0,0,0,0,0,1,0,0,0,0,0,0,3,1,4,
4,4,1,0,0,0,0,0,0,0,0,0,0,0,0,0,1,1,1,1,1,1,1,1,1,1,1,1,1,1,1,4,
4,4,1,0,0,0,0,0,0,0,0,0,0,0,0,0,1,4,4,4,4,4,4,4,4,4,4,4,4,4,4,4,
4,4,1,0,0,0,0,0,0,0,0,0,0,0,0,0,1,4,4,4,4,4,4,4,4,4,4,4,4,4,4,4,
4,4,1,1,1,1,1,1,1,1,1,1,1,1,1,1,1,4,4,4,4,4,4,4,4,4,4,4,4,4,4,4,
4,4,4,1,0,1,4,4,4,4,4,4,4,4,4,4,4,4,4,4,4,4,4,4,4,0,0,0,0,4,4,4,
4,4,4,1,0,1,4,4,4,4,4,4,4,4,4,4,4,4,4,4,4,4,4,4,4,0,0,0,0,4,4,4,
4,4,4,1,0,1,4,4,4,4,4,4,4,4,4,4,4,4,4,4,4,4,4,4,4,4,4,4,4,4,4,4,
4,4,4,1,0,1,4,4,4,4,4,4,4,4,4,4,4,4,4,4,4,4,4,1,1,1,1,1,1,1,1,4,
1,1,1,1,1,1,1,1,1,1,4,4,4,4,4,4,4,4,4,4,4,4,4,1,0,0,0,0,0,3,1,4,
1,0,0,0,0,0,0,0,0,1,4,4,4,4,4,4,4,4,4,4,4,4,4,1,0,0,0,0,0,0,1,4,
1,0,0,0,0,0,0,0,0,1,4,4,4,4,4,4,4,4,4,4,4,4,4,1,0,0,0,0,0,0,1,4,
1,0,0,0,0,0,0,0,0,1,4,1,1,1,1,1,1,1,1,1,1,1,1,1,0,0,0,0,0,0,1,4,
1,0,0,0,0,0,0,0,0,1,4,1,0,0,0,0,0,1,0,0,0,0,0,1,0,0,0,0,0,0,1,4,
1,0,1,1,1,1,1,1,1,1,4,1,0,0,0,0,0,1,1,1,1,1,1,1,1,1,1,1,0,1,1,4,
1,0,1,4,4,4,4,4,4,4,4,1,0,0,0,0,0,1,4,4,4,4,4,4,4,4,4,1,0,1,4,4,
1,0,1,1,1,1,1,1,1,1,1,1,0,0,0,0,0,1,4,4,4,4,4,4,4,4,4,1,0,1,4,4,
1,0,1,0,0,0,0,0,0,0,0,1,0,0,0,0,3,1,4,4,4,4,4,4,4,4,4,1,0,1,4,4,
1,0,1,1,1,1,1,1,1,1,1,1,1,1,1,1,1,1,4,4,4,4,4,4,4,4,1,1,0,1,1,1,
1,0,1,1,1,1,1,1,1,1,4,4,4,4,4,4,4,4,4,4,4,4,4,4,4,4,1,0,0,0,3,1,
1,0,0,0,0,0,0,0,3,1,4,4,4,4,4,4,4,4,4,4,4,4,4,4,4,4,1,0,0,0,0,1,
1,1,1,1,1,1,1,1,1,1,4,4,4,0,0,0,4,4,4,4,4,4,4,4,4,4,1,0,0,0,0,1,
4,4,4,4,4,4,4,4,4,4,4,4,4,0,0,0,4,4,4,4,4,4,4,4,4,4,1,1,0,0,1,1,
4,4,4,4,4,4,4,4,4,4,4,4,4,4,4,4,4,4,4,4,4,4,4,4,4,4,1,3,3,3,3,1

[event]
# Alert
type=run_once
location=30,27,1,1
hotspot=location
msg=FENCES ARE FOR YOUR PROTECTION.  DO NOT OPEN GATES.
tooltip=Signpost

[event]
# Switch
type=run_once
location=29,17,1,1
hotspot=location
msg=There is a strange groove in this rock
requires_not=switch_key
tooltip=Strange Rock

[event]
# Switch
type=run_once
location=16,25,1,1
hotspot=location
msg=There is a strange groove in this rock
requires_not=switch_key
tooltip=Strange Rock

[event]
# Switch
type=run_once
location=8,28,1,1
hotspot=location
msg=There is a strange groove in this rock
requires_not=switch_key
tooltip=Strange Rock

[event]
# Switch
type=run_once
location=3,8,1,1
hotspot=location
msg=There is a strange groove in this rock
requires_not=switch_key
tooltip=Strange Rock

[event]
# Switch
type=run_once
location=29,8,1,1
hotspot=location
msg=There is a strange groove in this rock
requires_not=switch_key
tooltip=Strange Rock

[event]
# Switch
type=run_once
location=3,8,1,1
hotspot=location
mapmod=object,4,17,0;object,4,12,0;collision,4,17,0;collision,4,12,0;object,10,1,0;collision,10,1,0
requires_status=switch_key
tooltip=Strange Rock

[event]
# Switch
type=run_once
location=29,17,1,1
hotspot=location
mapmod=collision,23,21,0;collision,17,21,0;object,23,21,0;object,17,21,0;
requires_status=switch_key
tooltip=Strange Rock

[event]
# Switch
type=run_once
location=16,25,1,1
hotspot=location
mapmod=object,2,25,0;object,11,25,0;collision,2,25,0;collision,11,25,0
requires_status=switch_key
spawn=ghost,12,21
tooltip=Strange Rock

[event]
# Switch
type=run_once
location=29,8,1,1
hotspot=location
mapmod=object,16,8,0;object,22,8,0;object,2,11,0;collision,16,8,0;collision,22,8,0;collision,2,11,0
requires_status=switch_key
spawn=fireskeleton,29,3
tooltip=Strange Rock

[event]
# Switch
type=run_once
location=8,28,1,1
hotspot=location
mapmod=object,28,9,0;object,26,16,0;collision,28,9,0;collision,26,16,0,object,14,26,0;collision,14,26,0
requires_status=switch_key
tooltip=Strange Rock

[event]
# Chest
type=run_once
location=9,2,1,1
hotspot=location
loot=1,10,2,fixed,2
mapmod=object,9,2,206
tooltip=Chest

[event]
# Chest
type=run_once
location=9,3,1,1
hotspot=location
loot=2,10,3,fixed,2
mapmod=object,9,3,206
tooltip=Chest

[event]
# Teleport to Basement8
type=on_trigger
location=26,0,2,1
intermap=basement8.txt,12,30

[event]
# Teleport to Basement6
type=on_trigger
location=28,30,2,1
intermap=basement6.txt,7,4

[enemy]
# Venombat
type=venombat
location=5,4,1,1

[enemygroup]
# 2 Firebats
type=bat
location=13,29,3,2
level=2,2
number=2,2

[enemygroup]
# 2 Skeletons
type=skeleton
location=3,19,3,2
level=2,2
number=2,2

[enemygroup]
# 3 Beetles
type=beetle
location=4,8,3,4
level=1,1
number=3,3

[enemygroup]
# 3 Bats
type=bat
location=25,13,4,2
level=1,1
number=3,3

[enemygroup]
# 3 Ruby Snakes
type=rubysnake
location=24,3,5,3
level=1,1
number=3,3

