[header]
width=32
height=32
tilewidth=32
tileheight=32
orientation=orthogonal
music=music/winds_of_stories.ogg
tileset=tilesetdefs/sewer.txt
title=Hidden Waterway

[tilesets]
tileset=../../../tiled/sewers/tiled_collision.png,32,32,0,0
tileset=../../../tiled/sewers/generic_background.png,32,32,0,0
tileset=../../../tiled/sewers/small_objects.png,32,64,0,0
tileset=../../../tiled/sewers/sewer_objects.png,32,128,0,0

[layer]
type=background
data=
159,159,159,159,159,159,159,159,159,159,159,159,159,159,159,159,159,159,159,159,159,159,159,159,159,159,159,159,159,159,159,159,
159,159,159,159,159,159,159,159,159,159,159,159,159,159,159,159,159,159,159,159,159,159,159,159,159,159,159,159,159,159,159,159,
159,159,159,159,159,159,159,159,159,159,159,159,159,159,159,159,159,159,159,159,159,159,159,159,159,159,159,159,159,159,159,159,
159,159,159,159,159,159,159,159,159,159,159,159,159,159,159,159,159,159,159,159,159,159,159,159,159,159,159,159,159,159,159,159,
159,159,159,159,159,159,159,159,159,159,159,616,616,616,616,616,616,616,616,616,616,616,616,616,616,616,616,616,616,616,616,616,
159,159,159,159,159,159,159,159,159,159,159,616,616,616,616,616,616,616,616,616,616,616,616,616,616,616,616,616,481,482,482,483,
159,159,159,159,159,159,159,159,159,159,159,616,616,616,616,616,616,616,616,616,616,616,616,616,616,616,616,616,508,509,509,510,
159,159,159,159,159,159,159,159,159,159,159,616,616,616,616,616,616,616,616,616,616,616,616,616,616,616,616,616,508,509,509,510,
159,159,159,159,159,159,159,159,159,159,159,616,616,616,616,616,616,616,616,616,616,616,616,616,616,616,616,616,535,536,536,537,
159,159,159,159,159,159,159,159,159,159,159,616,616,616,616,616,616,616,616,616,616,616,616,616,616,616,616,616,616,616,616,616,
159,159,159,159,159,159,159,159,159,159,159,616,616,616,616,616,616,616,616,616,616,616,616,616,616,611,612,613,616,616,616,616,
159,159,159,159,159,159,159,159,159,159,159,616,616,616,616,616,616,616,616,616,616,616,616,616,616,638,639,640,616,616,616,616,
159,159,159,159,159,159,159,159,159,159,159,616,616,616,616,616,616,616,616,616,616,616,616,616,616,665,666,667,616,616,616,616,
159,159,159,159,159,159,159,159,159,159,159,616,616,616,616,616,616,616,616,616,616,616,616,616,616,616,616,616,616,616,158,616,
159,159,159,159,159,159,159,159,159,159,159,616,616,616,616,616,616,616,616,616,616,616,616,616,616,616,616,616,616,616,158,158,
159,159,159,159,159,159,159,159,159,159,159,616,616,616,616,616,616,616,616,616,616,616,616,616,616,616,616,616,616,158,158,158,
616,616,616,616,616,616,616,616,616,616,616,616,616,616,616,616,616,616,616,616,616,616,616,616,616,616,616,616,616,158,158,158,
616,616,616,616,616,616,616,616,616,616,616,616,616,616,616,616,616,616,616,616,616,616,616,616,616,616,616,616,616,158,158,158,
616,616,616,616,616,616,616,616,616,616,616,616,616,616,616,159,159,159,159,159,159,159,159,159,159,159,159,159,159,159,159,159,
616,616,616,616,616,616,616,616,616,616,616,616,616,616,616,159,159,159,159,159,159,159,159,159,159,159,159,159,159,159,159,159,
616,616,616,616,616,616,616,616,616,616,616,616,616,616,616,159,159,159,159,159,159,159,159,159,159,159,159,159,159,159,159,159,
616,616,616,616,616,616,616,616,616,616,616,616,616,616,616,159,159,159,159,159,159,159,159,159,159,159,159,159,159,159,159,159,
616,616,616,616,616,616,616,616,616,616,616,616,616,616,616,159,159,159,159,159,159,159,159,159,159,159,159,159,159,159,159,159,
616,616,616,616,616,616,616,616,616,616,616,616,616,616,616,159,159,159,159,159,159,159,159,159,159,159,159,159,159,159,159,159,
616,616,616,616,616,616,616,616,616,616,616,616,616,616,616,159,159,159,159,159,159,159,159,159,159,159,159,159,159,159,159,159,
616,616,616,616,616,616,616,616,616,616,616,616,616,616,616,159,159,159,159,159,159,159,159,159,159,159,159,159,159,159,159,159,
616,616,616,616,616,616,616,616,616,616,616,616,616,616,616,159,159,159,159,159,159,159,159,159,159,159,159,159,159,159,159,159,
616,616,616,616,616,616,616,616,616,616,616,616,616,616,616,159,159,159,159,159,159,159,159,159,159,159,159,159,159,159,159,159,
616,616,616,616,616,616,616,616,616,616,616,616,616,616,616,159,159,159,159,159,159,159,159,159,159,159,159,159,159,159,159,159,
616,616,616,616,616,616,616,616,616,616,616,616,616,616,616,159,159,159,159,159,159,159,159,159,159,159,159,159,159,159,159,159,
616,616,616,616,616,616,616,616,616,616,616,616,616,616,616,159,159,159,159,159,159,159,159,159,159,159,159,159,159,159,159,159,
616,616,616,616,616,616,616,616,616,616,616,616,616,616,616,159,159,159,159,159,159,159,159,159,159,159,159,159,159,159,159,159

[layer]
type=fringe
data=
0,0,0,0,0,0,0,0,0,0,0,0,0,0,0,0,0,0,0,0,0,0,0,0,0,0,0,0,0,0,0,0,
0,0,0,0,0,0,0,0,0,0,0,0,0,0,0,0,0,0,0,0,0,0,0,0,0,0,0,0,0,0,0,0,
0,0,0,0,0,0,0,0,0,0,0,0,0,0,0,0,0,0,0,0,0,0,0,0,0,0,0,0,0,0,0,0,
0,0,0,0,0,0,0,0,0,0,0,0,0,0,0,0,0,0,0,0,0,0,0,0,0,0,0,0,0,0,0,0,
0,0,0,0,0,0,0,0,0,0,0,0,0,0,0,0,0,0,0,0,265,0,0,0,286,0,0,0,0,0,0,0,
0,0,0,0,0,0,0,0,0,0,0,0,0,0,0,0,0,0,0,0,0,0,0,0,0,0,0,0,0,0,0,0,
0,0,0,0,0,0,0,0,0,0,0,0,0,0,0,0,0,0,0,0,0,0,0,16,0,0,0,0,0,0,0,0,
0,0,0,0,0,0,0,0,0,0,0,0,0,0,0,0,0,0,0,0,0,0,0,0,0,0,0,0,0,0,0,0,
0,0,0,0,0,0,0,0,0,0,0,0,0,0,0,0,0,0,0,0,0,0,0,0,0,0,0,0,0,0,0,0,
0,0,0,0,0,0,0,0,0,0,0,0,0,0,0,0,0,0,0,0,0,0,0,0,0,0,0,0,0,0,0,0,
0,0,0,0,0,0,0,0,0,0,0,0,0,0,0,0,0,0,0,0,0,0,0,259,0,0,0,0,0,0,0,0,
0,0,0,0,0,0,0,0,0,0,0,0,0,0,0,0,0,0,0,0,0,0,0,0,0,0,0,0,0,0,0,0,
0,0,0,0,0,0,0,0,0,0,0,0,0,0,0,0,0,0,0,0,0,0,0,0,0,0,0,0,0,76,77,78,
0,0,0,0,0,0,0,0,0,0,0,0,0,0,0,0,0,0,0,0,0,0,0,0,0,0,0,0,0,103,0,50,
0,0,0,0,0,0,0,0,0,0,0,0,0,0,0,0,0,0,0,0,0,0,0,0,0,259,0,0,76,51,0,0,
0,0,0,0,0,0,0,0,0,0,0,0,0,0,0,0,0,0,0,0,0,0,0,0,0,0,0,0,103,0,0,0,
0,0,0,0,0,0,0,0,0,0,0,0,0,0,0,0,0,0,0,0,0,0,0,0,0,0,0,0,103,0,0,0,
0,0,0,0,0,0,0,0,0,0,0,0,0,0,0,0,0,0,0,0,0,0,0,0,0,0,0,0,103,0,0,0,
0,0,0,0,0,0,0,0,265,0,0,0,0,0,0,0,0,0,0,0,0,0,0,0,0,0,0,0,0,0,0,0,
0,0,0,0,286,0,0,0,0,0,0,0,0,286,0,0,0,0,0,0,0,0,0,0,0,0,0,0,0,0,0,0,
0,0,0,0,0,0,0,0,0,0,0,0,0,0,0,0,0,0,0,0,0,0,0,0,0,0,0,0,0,0,0,0,
0,0,0,0,0,0,0,16,0,0,0,0,0,0,0,0,0,0,0,0,0,0,0,0,0,0,0,0,0,0,0,0,
0,0,0,0,0,0,0,0,0,0,286,0,0,0,0,0,0,0,0,0,0,0,0,0,0,0,0,0,0,0,0,0,
0,0,43,0,0,0,265,0,0,0,0,0,0,0,0,0,0,0,0,0,0,0,0,0,0,0,0,0,0,0,0,0,
0,0,0,0,0,0,0,0,0,0,0,0,0,0,0,0,0,0,0,0,0,0,0,0,0,0,0,0,0,0,0,0,
0,0,0,0,0,0,0,0,0,0,0,0,0,0,0,0,0,0,0,0,0,0,0,0,0,0,0,0,0,0,0,0,
0,0,0,0,0,0,0,0,0,0,0,0,0,0,0,0,0,0,0,0,0,0,0,0,0,0,0,0,0,0,0,0,
0,0,0,0,0,0,0,0,0,0,0,0,0,0,0,0,0,0,0,0,0,0,0,0,0,0,0,0,0,0,0,0,
0,0,0,0,0,0,0,0,0,0,0,0,0,0,0,0,0,0,0,0,0,0,0,0,0,0,0,0,0,0,0,0,
0,0,0,0,0,0,0,0,0,0,0,0,0,0,0,0,0,0,0,0,0,0,0,0,0,0,0,0,0,0,0,0,
0,0,0,0,0,0,0,0,0,0,0,0,0,0,0,0,0,0,0,0,0,0,0,0,0,0,0,0,0,0,0,0,
0,0,0,0,0,0,0,0,0,0,0,0,0,0,0,0,0,0,0,0,0,0,0,0,0,0,0,0,0,0,0,0

[layer]
type=object
data=
0,0,0,0,0,0,0,0,0,0,0,0,0,0,0,0,0,0,0,0,0,0,0,0,0,0,0,0,0,0,0,0,
0,0,0,0,0,0,0,0,0,0,0,0,0,0,0,0,0,0,0,0,0,0,0,0,0,0,0,0,0,0,0,0,
0,0,0,0,0,0,0,0,0,0,0,0,0,0,0,0,0,0,0,0,0,0,0,0,0,0,0,0,0,0,0,0,
0,0,0,0,0,0,0,0,0,0,0,962,963,963,963,963,963,963,963,963,963,963,963,963,963,963,963,963,963,963,963,964,
0,0,0,0,0,0,0,0,0,0,0,966,0,0,0,0,0,0,0,0,0,0,0,0,0,0,0,0,953,953,953,965,
0,0,0,0,0,0,0,0,0,0,0,966,0,0,0,0,0,0,0,0,0,0,0,0,0,0,0,0,0,0,0,965,
0,0,0,0,0,0,0,0,0,0,0,966,0,0,0,0,0,0,0,0,0,0,0,0,0,0,0,0,0,0,0,965,
0,0,0,0,0,0,0,0,0,0,0,966,0,0,962,963,963,963,963,963,963,964,0,0,0,0,0,0,0,999,1000,965,
0,0,0,0,0,0,0,0,0,0,0,966,0,0,0,0,0,0,765,766,0,965,0,0,0,0,0,0,0,0,0,965,
0,0,0,0,0,0,0,0,0,0,0,966,0,0,0,0,0,0,0,0,0,965,0,0,0,0,0,0,0,0,0,965,
0,0,0,0,0,0,0,0,0,0,0,966,0,0,0,0,0,0,0,0,0,965,0,0,0,0,0,0,0,0,0,965,
0,0,0,0,0,0,0,0,0,0,0,966,0,0,0,0,0,0,0,0,0,965,0,0,0,0,0,0,0,0,0,965,
0,0,0,0,0,0,0,0,0,0,0,962,963,963,963,963,963,963,964,0,0,965,0,0,0,0,0,0,0,0,0,965,
0,0,0,0,0,0,0,0,0,0,0,0,0,0,0,0,0,0,0,966,0,965,0,0,0,0,0,0,0,0,0,965,
0,0,0,0,0,0,0,0,0,0,0,0,0,0,0,0,0,0,0,966,0,965,0,0,0,0,0,0,0,0,0,965,
962,963,963,963,963,963,963,963,963,963,963,963,963,963,963,962,963,963,964,966,0,965,0,0,0,0,0,0,0,0,0,965,
966,239,0,0,0,0,0,0,0,0,0,0,0,0,965,0,0,0,0,0,0,965,0,0,0,0,0,0,0,0,0,965,
966,0,0,0,0,0,0,0,0,0,0,0,0,0,965,962,963,963,963,963,963,963,963,963,963,963,963,963,963,963,963,963,
966,0,0,0,0,0,0,0,0,0,0,0,0,0,965,0,0,0,0,0,0,0,0,0,0,0,0,0,0,0,0,0,
966,0,0,0,0,0,0,0,0,0,0,0,0,0,965,0,0,0,0,0,0,0,0,0,0,0,0,0,0,0,0,0,
966,0,0,0,0,0,0,0,0,0,0,0,0,0,965,0,0,0,0,0,0,0,0,0,0,0,0,0,0,0,0,0,
966,0,0,0,0,0,0,0,0,0,0,0,0,0,965,0,0,0,0,0,0,0,0,0,0,0,0,0,0,0,0,0,
966,0,0,0,0,0,0,0,0,0,0,0,0,0,965,0,0,0,0,0,0,0,0,0,0,0,0,0,0,0,0,0,
966,0,0,0,0,0,0,0,0,0,0,0,0,0,965,0,0,0,0,0,0,0,0,0,0,0,0,0,0,0,0,0,
966,0,0,0,0,0,0,0,0,0,0,0,0,0,965,0,0,0,0,0,0,0,0,0,0,0,0,0,0,0,0,0,
966,0,0,0,0,0,0,0,0,0,0,0,0,0,965,0,0,0,0,0,0,0,0,0,0,0,0,0,0,0,0,0,
966,0,0,0,0,0,0,0,0,0,0,0,0,0,965,0,0,0,0,0,0,0,0,0,0,0,0,0,0,0,0,0,
966,0,0,0,0,0,0,0,0,0,789,0,0,0,965,0,0,0,0,0,0,0,0,0,0,0,0,0,0,0,0,0,
966,0,0,0,0,0,0,0,0,0,0,0,0,0,965,0,0,0,0,0,0,0,0,0,0,0,0,0,0,0,0,0,
966,0,0,0,0,0,0,0,0,0,0,0,0,0,965,0,0,0,0,0,0,0,0,0,0,0,0,0,0,0,0,0,
966,0,0,0,0,0,0,0,0,0,0,0,0,0,965,0,0,0,0,0,0,0,0,0,0,0,0,0,0,0,0,0,
969,0,962,963,963,963,963,963,963,963,963,963,963,963,964,0,0,0,0,0,0,0,0,0,0,0,0,0,0,0,0,0

[layer]
type=foreground
data=
0,0,0,0,0,0,0,0,0,0,0,0,0,0,0,0,0,0,0,0,0,0,0,0,0,0,0,0,0,0,0,0,
0,0,0,0,0,0,0,0,0,0,0,0,0,0,0,0,0,0,0,0,0,0,0,0,0,0,0,0,0,0,0,0,
0,0,0,0,0,0,0,0,0,0,0,0,0,0,0,0,0,0,0,0,0,0,0,0,0,0,0,0,0,0,0,0,
0,0,0,0,0,0,0,0,0,0,0,0,0,0,0,0,0,0,0,0,0,0,0,0,0,0,0,0,0,0,0,0,
0,0,0,0,0,0,0,0,0,0,0,0,0,0,0,0,0,0,0,0,0,0,0,0,0,0,0,0,0,0,0,0,
0,0,0,0,0,0,0,0,0,0,0,0,0,0,0,0,0,0,0,0,0,0,0,0,0,0,0,0,0,0,0,0,
0,0,0,0,0,0,0,0,0,0,0,0,0,0,0,0,0,0,0,0,0,0,0,0,0,0,0,0,0,0,0,0,
0,0,0,0,0,0,0,0,0,0,0,0,0,0,0,0,0,0,0,0,0,0,0,0,0,0,0,0,0,0,0,0,
0,0,0,0,0,0,0,0,0,0,0,0,0,0,0,0,0,0,0,0,0,0,0,0,0,0,0,0,0,0,0,0,
0,0,0,0,0,0,0,0,0,0,0,0,0,0,0,0,0,0,0,0,0,0,0,0,0,0,0,0,0,0,0,0,
0,0,0,0,0,0,0,0,0,0,0,0,0,0,0,0,0,0,0,0,0,0,0,0,0,0,0,0,0,0,0,0,
0,0,0,0,0,0,0,0,0,0,0,0,0,0,0,0,0,0,0,0,0,0,0,0,0,0,0,0,0,0,0,0,
0,0,0,0,0,0,0,0,0,0,0,966,0,0,0,0,0,0,0,0,0,0,0,0,0,0,0,0,0,0,0,0,
0,0,0,0,0,0,0,0,0,0,0,0,0,0,0,159,0,0,0,0,0,0,0,0,0,0,0,0,0,0,0,0,
0,0,0,0,0,0,0,0,0,0,0,0,0,0,0,159,0,0,0,0,0,0,0,0,0,0,0,0,0,0,0,0,
0,0,0,0,0,0,0,0,0,0,0,0,0,0,0,159,0,0,0,0,0,0,0,0,0,0,0,0,0,0,0,0,
0,0,0,0,0,0,0,0,0,0,0,0,0,0,0,159,0,0,0,0,0,0,0,0,0,0,0,0,0,0,0,0,
0,0,0,0,0,0,0,0,0,0,0,0,0,0,0,159,0,0,0,0,0,965,0,0,0,0,0,0,0,0,0,0,
0,0,0,0,0,0,0,0,0,0,0,0,0,0,0,0,0,0,0,0,0,0,0,0,0,0,0,0,0,0,0,0,
0,0,0,0,0,0,0,0,0,0,0,0,0,0,0,0,0,0,0,0,0,0,0,0,0,0,0,0,0,0,0,0,
0,0,0,0,0,0,0,0,0,0,0,0,0,0,0,0,0,0,0,0,0,0,0,0,0,0,0,0,0,0,0,0,
0,0,0,0,0,0,0,0,0,0,0,0,0,0,0,0,0,0,0,0,0,0,0,0,0,0,0,0,0,0,0,0,
0,0,0,0,0,0,0,0,0,0,0,0,0,0,0,0,0,0,0,0,0,0,0,0,0,0,0,0,0,0,0,0,
0,0,0,0,0,0,0,0,0,0,0,0,0,0,0,0,0,0,0,0,0,0,0,0,0,0,0,0,0,0,0,0,
0,0,0,0,0,0,0,0,0,0,0,0,0,0,0,0,0,0,0,0,0,0,0,0,0,0,0,0,0,0,0,0,
0,0,0,0,0,0,0,0,0,0,0,0,0,0,0,0,0,0,0,0,0,0,0,0,0,0,0,0,0,0,0,0,
0,0,0,0,0,0,0,0,0,0,0,0,0,0,0,0,0,0,0,0,0,0,0,0,0,0,0,0,0,0,0,0,
0,0,0,0,0,0,0,0,0,0,0,0,0,0,0,0,0,0,0,0,0,0,0,0,0,0,0,0,0,0,0,0,
0,0,0,0,0,0,0,0,0,0,0,0,0,0,0,0,0,0,0,0,0,0,0,0,0,0,0,0,0,0,0,0,
0,0,0,0,0,0,0,0,0,0,0,0,0,0,0,0,0,0,0,0,0,0,0,0,0,0,0,0,0,0,0,0,
0,0,0,0,0,0,0,0,0,0,0,0,0,0,0,0,0,0,0,0,0,0,0,0,0,0,0,0,0,0,0,0,
966,0,0,0,0,0,0,0,0,0,0,0,0,0,965,0,0,0,0,0,0,0,0,0,0,0,0,0,0,0,0,0

[layer]
type=collision
data=
0,0,0,0,0,0,0,0,0,0,0,0,0,0,0,0,0,0,0,0,0,0,0,0,0,0,0,0,0,0,0,0,
0,0,0,0,0,0,0,0,0,0,0,0,0,0,0,0,0,0,0,0,0,0,0,0,0,0,0,0,0,0,0,0,
0,0,0,0,0,0,0,0,0,0,0,0,0,0,0,0,0,0,0,0,0,0,0,0,0,0,0,0,0,0,0,0,
0,0,0,0,0,0,0,0,0,0,0,1,1,1,1,1,1,1,1,1,1,1,1,1,1,1,1,1,1,1,1,1,
0,0,0,0,0,0,0,0,0,0,0,1,0,0,0,0,0,0,0,0,0,0,0,0,4,0,0,0,3,3,3,1,
0,0,0,0,0,0,0,0,0,0,0,1,0,0,0,0,0,0,0,0,0,0,0,0,0,0,0,0,0,0,0,1,
0,0,0,0,0,0,0,0,0,0,0,1,0,0,0,0,0,0,0,0,0,0,0,0,0,0,0,0,0,3,3,1,
0,0,0,0,0,0,0,0,0,0,0,1,0,0,1,1,1,1,1,1,1,1,1,0,0,0,0,0,0,3,3,1,
0,0,0,0,0,0,0,0,0,0,0,1,0,0,0,0,0,0,3,3,0,1,1,0,0,0,0,0,0,0,0,1,
0,0,0,0,0,0,0,0,0,0,0,1,0,0,0,0,0,0,0,0,0,1,1,0,0,0,0,0,0,0,0,1,
0,0,0,0,0,0,0,0,0,0,0,1,0,0,0,0,0,0,0,0,0,1,1,4,0,0,0,0,0,0,0,1,
0,0,0,0,0,0,0,0,0,0,0,1,0,0,0,0,0,0,0,0,0,1,1,0,0,0,0,0,0,0,0,1,
0,0,0,0,0,0,0,0,0,0,0,1,1,1,1,1,1,1,1,1,0,1,1,0,0,0,0,0,0,2,2,1,
0,0,0,0,0,0,0,0,0,0,0,0,0,0,0,0,0,0,0,1,0,1,1,0,0,0,0,0,0,2,4,1,
0,0,0,0,0,0,0,0,0,0,0,0,0,0,0,0,0,0,0,1,0,1,1,0,0,4,0,0,2,2,4,1,
1,1,1,1,1,1,1,1,1,1,1,1,1,1,1,1,1,1,1,1,0,1,1,0,0,0,0,0,2,4,4,1,
1,1,0,0,0,0,0,0,0,0,0,0,0,0,1,0,0,0,0,0,0,1,1,0,0,0,0,0,2,4,4,1,
1,0,0,0,0,0,0,0,0,0,0,0,0,0,1,1,1,1,1,1,1,1,1,1,1,1,1,1,1,1,1,1,
1,0,0,0,0,0,0,0,0,0,0,0,0,0,1,0,0,0,0,0,0,0,0,0,0,0,0,0,0,0,0,0,
1,0,0,0,4,0,0,0,0,0,0,0,0,4,1,0,0,0,0,0,0,0,0,0,0,0,0,0,0,0,0,0,
1,0,0,0,0,0,0,0,0,0,0,0,0,0,1,0,0,0,0,0,0,0,0,0,0,0,0,0,0,0,0,0,
1,0,0,0,0,0,0,0,0,0,0,0,0,0,1,0,0,0,0,0,0,0,0,0,0,0,0,0,0,0,0,0,
1,0,0,0,0,0,0,0,0,0,4,0,0,0,1,0,0,0,0,0,0,0,0,0,0,0,0,0,0,0,0,0,
1,0,0,0,0,0,0,0,0,0,0,0,0,0,1,0,0,0,0,0,0,0,0,0,0,0,0,0,0,0,0,0,
1,0,0,0,0,0,0,0,0,0,0,0,0,0,1,0,0,0,0,0,0,0,0,0,0,0,0,0,0,0,0,0,
1,0,0,0,0,0,0,0,0,0,0,0,0,0,1,0,0,0,0,0,0,0,0,0,0,0,0,0,0,0,0,0,
1,0,0,0,0,0,0,0,0,0,0,0,0,0,1,0,0,0,0,0,0,0,0,0,0,0,0,0,0,0,0,0,
1,0,0,0,0,0,0,0,0,0,3,0,0,0,1,0,0,0,0,0,0,0,0,0,0,0,0,0,0,0,0,0,
1,0,0,0,0,0,0,0,0,0,0,0,0,0,1,0,0,0,0,0,0,0,0,0,0,0,0,0,0,0,0,0,
1,0,0,0,0,0,0,0,0,0,0,0,0,0,1,0,0,0,0,0,0,0,0,0,0,0,0,0,0,0,0,0,
1,0,0,0,0,0,0,0,0,0,0,0,0,0,1,0,0,0,0,0,0,0,0,0,0,0,0,0,0,0,0,0,
1,0,1,1,1,1,1,1,1,1,1,1,1,1,1,0,0,0,0,0,0,0,0,0,0,0,0,0,0,0,0,0

[event]
# Strange Rock
type=event
location=1,16,1,1
activate=on_trigger
hotspot=location
msg=There's a key-shaped hole in this rock.
repeat=false
requires_not_status=switch_key
tooltip=Strange Rock

[event]
# Strange Rock
type=event
location=1,16,1,1
activate=on_trigger
hotspot=location
mapmod=foreground,15,13,0;foreground,15,14,0;foreground,15,15,0;foreground,15,16,0;foreground,15,17,0;object,14,16,0;object,14,17,0;collision,14,16,0
msg=The switch key fits into the hole in this rock!
repeat=false
requires_status=switch_key
tooltip=Strange Rock

[event]
# Teleport to Basement4
type=event
location=1,31,1,1
activate=on_trigger
intermap=maps/basement4.txt,29,2

[event]
# Book
type=event
location=28,3,1,1
activate=on_trigger
hotspot=location
msg=It has been a long journey from Castle Hestian, but we have finally found a safe glade away from prying eyes.  We shall found our village here, among the laurel trees.
repeat=false
tooltip=Dusty Diary

[event]
# Book
type=event
location=29,3,1,1
activate=on_trigger
hotspot=location
msg=It has been a hundred years now since King Hestian's decree to burn all the "skinchangers."  We must go into hiding or he'll destroy us all.
repeat=false
tooltip=Moldy Diary

[event]
# Book
type=event
location=30,3,1,1
activate=on_trigger
hotspot=location
msg=King Hestian will not let us live in the open unless we share with him the secret of immortality.  If only we actually held that secret, as he believes!
repeat=false
tooltip=Yellowed Diary

[enemy]
# 2 Skeletons
type=enemy
location=25,6,3,3
category=skeleton
level=2,2
number=2,2

[enemy]
# 3 Ruby Snakes
type=enemy
location=3,17,9,9
category=rubysnake
level=1,1
number=3,3

[enemy]
# 2 Skeletons
type=enemy
location=10,18,2,2
category=skeleton
level=1,1
number=2,2

