[header]
width=32
height=32
tilewidth=32
tileheight=32
music=mysticaltheme.ogg
tileset=interior.txt
title=Castle Ballroom

[tilesets]
tileset=../../../tiled/castle/tiled_collision.png,32,32,0,0
tileset=../../../tiled/castle/interior_background.png,32,32,0,0
tileset=../../../tiled/castle/intfurniture.png,32,64,0,0
tileset=../../../tiled/castle/interiorbuildings.png,32,128,0,0

[layer]
type=background
data=
544,544,544,544,544,544,544,544,544,544,544,544,544,544,544,544,544,544,544,544,544,544,544,544,544,544,544,544,544,544,544,544,
544,544,544,544,544,544,544,544,544,544,544,544,544,544,544,544,544,544,544,544,544,544,544,544,544,544,544,544,544,544,544,544,
544,544,544,544,544,544,544,544,544,544,544,544,544,544,544,544,544,544,544,544,544,544,544,544,544,544,544,544,544,544,544,544,
544,544,544,544,544,544,544,544,544,544,544,544,544,544,544,544,544,544,544,544,544,544,544,544,544,544,544,544,544,544,544,544,
544,544,544,544,544,544,544,544,544,544,544,544,544,544,544,544,544,544,544,544,544,544,544,544,544,544,544,544,544,544,544,544,
544,544,544,544,544,544,544,544,544,544,544,544,544,544,544,544,544,544,544,544,544,544,544,544,544,544,544,544,544,544,544,544,
544,544,544,544,544,544,544,544,544,544,544,544,544,544,544,544,544,544,544,544,544,544,544,544,544,544,544,544,544,544,544,544,
544,616,616,616,616,616,616,616,616,616,616,616,616,616,616,616,616,616,616,616,616,616,616,616,616,616,544,544,544,544,544,544,
544,616,616,616,616,616,616,616,616,616,616,616,616,616,616,616,616,616,616,616,616,616,616,616,616,616,544,544,544,544,544,544,
544,616,611,612,612,612,613,616,616,616,616,616,616,616,616,616,616,616,616,616,611,612,612,612,613,616,544,544,544,544,544,544,
544,616,638,639,639,639,640,616,616,616,616,616,616,616,616,616,616,616,616,616,638,639,639,639,640,616,544,544,544,544,544,544,
544,616,638,639,639,639,640,616,616,616,616,616,616,616,616,616,616,616,616,616,638,639,639,639,640,616,544,544,544,544,544,544,
544,616,638,639,639,639,640,616,616,616,616,616,616,616,616,616,616,616,616,616,638,639,639,639,640,616,544,544,544,544,544,544,
544,616,665,666,666,666,667,616,616,616,616,616,616,616,616,616,616,616,616,616,665,666,666,666,667,616,544,544,544,544,544,544,
544,616,616,616,616,616,616,616,616,616,616,616,616,616,616,616,616,616,616,616,616,616,616,616,616,616,544,544,544,544,544,544,
544,616,616,616,616,616,616,616,616,616,616,616,616,616,616,616,616,616,616,616,616,616,616,616,616,616,544,544,544,544,544,544,
544,616,616,616,616,616,616,616,616,616,616,616,616,616,616,616,616,616,616,616,616,616,616,616,616,616,544,544,544,544,544,544,
544,616,611,612,612,612,613,616,616,616,616,616,616,616,616,616,616,616,616,616,611,612,612,612,613,616,544,544,544,544,544,544,
544,616,638,639,639,639,640,616,616,616,616,616,616,616,616,616,616,616,616,616,638,639,639,639,640,616,544,544,544,544,544,544,
544,616,638,639,639,639,640,616,616,616,616,616,616,616,616,616,616,616,616,616,638,639,639,639,640,616,544,544,544,544,544,544,
544,616,638,639,639,639,640,616,616,616,616,616,616,616,616,616,616,616,616,616,638,639,639,639,640,616,544,544,544,544,544,544,
544,616,665,666,666,666,667,616,616,616,616,616,616,616,616,616,616,616,616,616,665,666,666,666,667,616,544,544,544,544,544,544,
544,616,616,616,616,616,616,616,616,616,616,616,616,616,616,616,616,616,616,616,616,616,616,616,616,616,544,544,544,544,544,544,
544,544,544,544,544,544,544,544,616,616,616,616,616,616,616,616,616,616,616,544,544,544,544,544,544,544,544,544,544,544,544,544,
544,544,544,544,544,544,544,544,616,616,616,616,616,616,616,616,616,616,616,544,544,544,544,544,544,544,544,544,544,544,544,544,
544,544,544,544,544,544,544,544,616,616,616,616,616,616,616,616,616,616,616,544,544,544,544,544,544,544,544,544,544,544,544,544,
544,544,544,544,544,544,544,544,616,616,616,616,616,616,616,616,616,616,616,544,544,544,544,544,544,544,544,544,544,544,544,544,
544,544,544,544,544,544,544,544,616,616,616,616,616,616,616,616,616,616,616,544,544,544,544,544,544,544,544,544,544,544,544,544,
544,544,544,544,544,544,544,544,616,616,616,616,481,482,483,616,616,616,616,544,544,544,544,544,544,544,544,544,544,544,544,544,
544,544,544,544,544,544,544,544,616,616,616,616,508,509,510,616,616,616,616,544,544,544,544,544,544,544,544,544,544,544,544,544,
544,544,544,544,544,544,544,544,616,616,616,616,508,509,510,616,616,616,616,544,544,544,544,544,544,544,544,544,544,544,544,544,
544,544,544,544,544,544,544,544,544,544,544,544,508,509,510,544,544,544,544,544,544,544,544,544,544,544,544,544,544,544,544,544

[layer]
type=object
data=
0,0,0,0,0,788,0,0,0,0,0,0,0,0,597,0,0,0,0,0,594,0,0,0,0,0,0,0,0,0,0,0,
0,0,0,0,0,0,0,597,0,0,0,0,0,0,0,0,0,0,0,0,0,0,0,0,597,0,0,597,0,0,0,0,
0,0,0,597,0,594,0,0,0,0,0,0,597,0,0,0,0,594,0,0,0,0,0,0,0,0,0,0,0,0,0,0,
0,0,0,0,0,0,0,0,0,0,0,0,0,0,0,0,0,0,0,0,0,0,0,0,0,0,0,0,0,0,0,0,
0,0,0,0,0,0,0,0,0,0,0,0,0,0,0,0,0,0,0,0,0,0,0,0,0,0,0,0,0,594,0,0,
0,0,0,0,0,0,0,0,0,0,0,0,0,0,0,0,0,0,0,0,0,0,0,0,0,0,0,0,0,0,0,0,
0,0,0,0,0,0,0,0,0,0,0,0,0,0,0,0,0,0,0,0,0,0,0,0,0,0,0,0,0,597,0,0,
0,973,974,974,974,974,974,974,974,974,974,974,974,974,974,974,974,974,974,974,974,974,974,974,974,975,0,0,0,0,0,0,
918,286,0,0,0,0,0,0,0,0,0,0,0,259,0,0,0,0,0,0,0,0,0,0,0,0,919,0,0,0,0,0,
917,0,0,0,0,0,0,0,0,0,0,0,0,0,0,0,0,0,286,0,0,0,0,0,0,0,916,0,594,0,0,0,
917,0,0,0,0,0,0,0,259,0,0,0,0,0,0,0,0,0,0,0,0,0,0,0,0,0,916,0,0,594,0,0,
917,0,0,0,179,0,0,0,0,0,0,0,0,0,0,0,0,0,0,0,0,0,179,0,0,0,916,0,0,0,0,0,
917,0,0,0,0,0,0,0,0,0,0,0,0,0,0,0,0,0,0,0,0,0,0,0,0,0,916,0,0,0,0,0,
917,0,0,0,0,0,0,0,0,0,0,0,0,0,0,0,0,0,0,0,0,0,0,0,0,0,916,0,597,0,0,0,
917,0,0,0,0,0,0,0,0,0,0,259,0,179,0,0,0,0,0,286,0,0,0,0,0,0,916,0,0,0,0,0,
917,0,0,0,259,0,0,0,0,0,0,0,0,0,0,0,0,0,0,0,0,0,0,286,0,0,916,0,0,0,0,0,
917,0,0,0,0,0,0,0,0,0,0,0,0,0,0,0,0,0,0,0,0,0,0,0,0,0,916,0,0,0,594,0,
917,0,0,0,0,0,0,0,0,0,0,0,0,0,0,259,0,0,0,0,0,0,0,0,0,0,916,0,0,597,0,0,
917,0,0,0,0,0,0,0,0,0,0,0,0,0,0,0,0,0,286,0,0,0,0,0,0,0,916,0,0,0,0,0,
917,0,0,0,179,0,0,0,0,0,0,0,0,0,0,0,0,0,0,0,0,0,179,0,0,0,916,0,0,0,0,0,
917,0,0,0,0,0,0,0,0,0,0,0,0,0,0,0,0,0,0,0,0,0,0,0,0,0,916,0,0,0,0,0,
917,0,0,0,0,0,0,0,0,259,0,0,0,0,0,0,0,0,0,0,0,0,0,0,0,0,916,0,0,0,0,597,
917,0,0,0,0,0,0,0,0,0,0,0,0,0,0,0,0,0,0,0,0,0,0,0,0,0,916,0,0,0,0,0,
899,900,900,900,900,900,900,914,0,0,0,0,0,0,0,0,0,0,0,915,900,900,900,900,900,900,913,0,594,0,0,0,
0,0,0,0,0,0,0,917,0,0,0,0,286,0,0,0,0,0,0,916,0,0,0,0,0,0,0,0,0,0,0,0,
0,0,0,0,0,0,0,917,0,0,0,0,0,0,0,0,259,0,0,916,0,0,0,0,0,0,0,0,0,597,0,0,
0,0,597,594,0,0,0,917,0,0,0,0,0,0,0,0,0,0,0,916,0,594,0,597,0,0,0,0,0,0,0,0,
0,0,0,0,0,0,0,917,0,0,0,0,0,0,0,0,0,0,0,916,0,0,0,0,0,0,0,0,0,0,0,0,
0,0,0,0,0,0,0,917,0,0,0,0,0,0,0,0,0,0,0,916,0,0,0,0,0,0,0,0,594,0,0,0,
0,594,0,0,0,0,0,917,0,0,0,0,0,0,0,0,0,0,0,916,0,0,0,0,0,0,594,0,0,0,0,0,
0,0,0,0,0,597,0,917,0,0,0,0,0,0,0,0,0,0,0,916,0,0,597,0,0,0,0,0,0,597,0,0,
0,0,597,0,0,0,0,899,900,900,900,913,0,0,0,899,900,900,900,913,0,0,0,0,0,0,0,0,0,0,0,0

[layer]
type=collision
data=
0,0,0,0,0,0,0,0,0,0,0,0,0,0,0,0,0,0,0,0,0,0,0,0,0,0,0,0,0,0,0,0,
0,0,0,0,0,0,0,0,0,0,0,0,0,0,0,0,0,0,0,0,0,0,0,0,0,0,0,0,0,0,0,0,
0,0,0,0,0,0,0,0,0,0,0,0,0,0,0,0,0,0,0,0,0,0,0,0,0,0,0,0,0,0,0,0,
0,0,0,0,0,0,0,0,0,0,0,0,0,0,0,0,0,0,0,0,0,0,0,0,0,0,0,0,0,0,0,0,
0,0,0,0,0,0,0,0,0,0,0,0,0,0,0,0,0,0,0,0,0,0,0,0,0,0,0,0,0,0,0,0,
0,0,0,0,0,0,0,0,0,0,0,0,0,0,0,0,0,0,0,0,0,0,0,0,0,0,0,0,0,0,0,0,
0,0,0,0,0,0,0,0,0,0,0,0,0,0,0,0,0,0,0,0,0,0,0,0,0,0,0,0,0,0,0,0,
1,1,1,1,1,1,1,1,1,1,1,1,1,1,1,1,1,1,1,1,1,1,1,1,1,1,1,0,0,0,0,0,
1,4,0,0,0,0,0,0,0,0,0,0,0,4,0,0,0,0,0,0,0,0,0,0,0,0,1,0,0,0,0,0,
1,0,0,0,0,0,0,0,0,0,0,0,0,0,0,0,0,0,4,0,0,0,0,0,0,0,1,0,0,0,0,0,
1,0,0,0,0,0,0,0,4,0,0,0,0,0,0,0,0,0,0,0,0,0,0,0,0,0,1,0,0,0,0,0,
1,0,0,0,1,0,0,0,0,0,0,0,0,0,0,0,0,0,0,0,0,0,1,0,0,0,1,0,0,0,0,0,
1,0,0,0,0,0,0,0,0,0,0,0,0,0,0,0,0,0,0,0,0,0,0,0,0,0,1,0,0,0,0,0,
1,0,0,0,0,0,0,0,0,0,0,0,0,0,0,0,0,0,0,0,0,0,0,0,0,0,1,0,0,0,0,0,
1,0,0,0,0,0,0,0,0,0,0,4,0,1,0,0,0,0,0,4,0,0,0,0,0,0,1,0,0,0,0,0,
1,0,0,0,4,0,0,0,0,0,0,0,0,0,0,0,0,0,0,0,0,0,0,4,0,0,1,0,0,0,0,0,
1,0,0,0,0,0,0,0,0,0,0,0,0,0,0,0,0,0,0,0,0,0,0,0,0,0,1,0,0,0,0,0,
1,0,0,0,0,0,0,0,0,0,0,0,0,0,0,4,0,0,0,0,0,0,0,0,0,0,1,0,0,0,0,0,
1,0,0,0,0,0,0,0,0,0,0,0,0,0,0,0,0,0,4,0,0,0,0,0,0,0,1,0,0,0,0,0,
1,0,0,0,1,0,0,0,0,0,0,0,0,0,0,0,0,0,0,0,0,0,1,0,0,0,1,0,0,0,0,0,
1,0,0,0,0,0,0,0,0,0,0,0,0,0,0,0,0,0,0,0,0,0,0,0,0,0,1,0,0,0,0,0,
1,0,0,0,0,0,0,0,0,4,0,0,0,0,0,0,0,0,0,0,0,0,0,0,0,0,1,0,0,0,0,0,
1,0,0,0,0,0,0,0,0,0,0,0,0,0,0,0,0,0,0,0,0,0,0,0,0,0,1,0,0,0,0,0,
1,1,1,1,1,1,1,1,0,0,0,0,0,0,0,0,0,0,0,1,1,1,1,1,1,1,1,0,0,0,0,0,
0,0,0,0,0,0,0,1,0,0,0,0,4,0,0,0,0,0,0,1,0,0,0,0,0,0,0,0,0,0,0,0,
0,0,0,0,0,0,0,1,0,0,0,0,0,0,0,0,4,0,0,1,0,0,0,0,0,0,0,0,0,0,0,0,
0,0,0,0,0,0,0,1,0,0,0,0,0,0,0,0,0,0,0,1,0,0,0,0,0,0,0,0,0,0,0,0,
0,0,0,0,0,0,0,1,0,0,0,0,0,0,0,0,0,0,0,1,0,0,0,0,0,0,0,0,0,0,0,0,
0,0,0,0,0,0,0,1,0,0,0,0,0,0,0,0,0,0,0,1,0,0,0,0,0,0,0,0,0,0,0,0,
0,0,0,0,0,0,0,1,0,0,0,0,0,0,0,0,0,0,0,1,0,0,0,0,0,0,0,0,0,0,0,0,
0,0,0,0,0,0,0,1,0,0,0,0,0,0,0,0,0,0,0,1,0,0,0,0,0,0,0,0,0,0,0,0,
0,0,0,0,0,0,0,1,1,1,1,1,0,0,0,1,1,1,1,1,0,0,0,0,0,0,0,0,0,0,0,0

[enemy]
# Ghost
type=ghost
location=21,12,1,1

[enemy]
# Ghost
type=ghost
location=21,18,1,1

[enemy]
# Ghost
type=ghost
location=5,12,1,1

[enemy]
# Ghost
type=ghost
location=5,18,1,1

[event]
# Teleport to Castle2
type=on_trigger
location=12,31,3,1
intermap=castle2.txt,25,1

[event]
# Chest
type=run_once
location=13,14,1,1
hotspot=location
loot=0,13,15,fixed,15,35
mapmod=object,13,14,206
tooltip=Chest

[event]
# Chest
type=run_once
location=4,11,1,1
hotspot=location
loot=1,4,12,fixed,1
mapmod=object,4,11,206
tooltip=Chest

[event]
# Chest
type=run_once
location=22,19,1,1
hotspot=location
loot=1,22,20,fixed,1
mapmod=object,22,19,206
tooltip=Chest

[event]
# Chest
type=run_once
location=22,11,1,1
hotspot=location
loot=id,22,12,2
mapmod=object,22,11,206
tooltip=Chest

[event]
# Chest
type=run_once
location=4,19,1,1
hotspot=location
loot=2,4,20,fixed,1
mapmod=object,4,19,206
tooltip=Chest

[event]
# Chest
type=run_once
location=22,11,1,1
hotspot=location
loot=2,22,12,fixed,1
mapmod=object,22,11,206
tooltip=Chest

