[header]
width=32
height=32
tilewidth=32
tileheight=32
orientation=orthogonal
music=music/mysticaltheme.ogg
tileset=tilesetdefs/interior.txt
title=Castle Hall

[tilesets]
tileset=../../../tiled/castle/tiled_collision.png,32,32,0,0
tileset=../../../tiled/castle/interior_background.png,32,32,0,0
tileset=../../../tiled/castle/intfurniture.png,32,64,0,0
tileset=../../../tiled/castle/interiorbuildings.png,32,128,0,0

[layer]
type=background
data=
541,541,541,541,541,541,541,541,541,541,541,541,541,541,541,508,509,509,510,541,541,541,541,541,541,541,541,541,541,541,541,541,
541,541,541,541,541,541,541,541,541,541,541,541,541,541,541,508,509,509,510,541,541,541,541,541,541,541,541,541,541,541,541,541,
541,541,541,541,541,541,541,541,541,541,541,541,541,541,541,508,509,509,510,541,541,541,541,541,541,541,541,541,541,541,541,541,
541,541,541,541,541,541,541,541,541,541,541,541,541,541,541,535,536,536,537,541,541,541,541,541,541,541,541,541,541,541,541,541,
541,541,541,541,541,541,541,541,541,541,541,541,541,541,541,616,616,616,616,541,541,541,541,541,541,541,541,541,541,541,541,541,
541,541,541,541,541,541,541,541,541,541,541,541,541,541,541,616,616,616,616,541,541,541,541,541,541,541,541,541,541,541,541,541,
541,541,541,541,541,541,541,541,541,541,541,541,541,541,541,616,616,616,616,541,541,541,541,541,541,541,541,541,541,541,541,541,
541,541,541,541,541,541,541,541,541,541,541,541,541,541,541,616,616,616,616,541,541,541,541,541,541,541,541,541,541,541,541,541,
616,616,616,616,616,616,616,616,616,616,616,616,616,616,616,616,616,616,616,541,541,541,541,541,541,541,541,541,541,541,541,541,
482,482,482,483,616,616,616,616,616,616,616,616,616,616,616,616,616,616,616,541,541,541,541,541,541,541,541,541,541,541,541,541,
509,509,509,510,616,616,616,616,616,616,616,616,616,616,616,616,616,616,616,541,541,541,541,541,541,541,541,541,541,541,541,541,
509,509,509,510,616,616,616,616,616,616,616,616,616,616,616,616,616,616,616,541,541,541,541,541,541,541,541,541,541,541,541,541,
536,536,536,537,616,616,616,616,616,616,616,616,616,616,616,616,616,616,616,541,541,541,541,541,541,541,541,541,541,541,541,541,
541,541,541,541,541,541,541,541,541,541,541,541,541,541,541,616,616,616,616,541,541,541,541,541,541,541,541,541,541,541,541,541,
541,541,541,541,541,541,541,541,541,541,541,541,541,541,541,616,616,616,616,541,541,541,541,541,541,541,541,541,541,541,541,541,
541,541,541,541,541,541,541,541,541,541,541,541,541,541,541,616,616,616,616,541,541,541,541,541,541,541,541,541,541,541,541,541,
541,541,541,541,541,541,541,541,541,541,541,541,541,541,541,616,616,616,616,541,541,541,541,541,541,541,541,541,541,541,541,541,
541,541,541,541,541,541,541,541,541,541,541,541,541,541,541,616,616,616,616,541,541,541,541,541,541,541,541,541,541,541,541,541,
541,541,541,541,541,541,541,541,541,541,541,541,541,541,541,616,616,616,616,541,541,541,541,541,541,541,541,541,541,541,541,541,
541,541,541,541,541,541,541,541,541,541,541,541,541,541,541,616,616,616,616,541,541,541,541,541,541,541,541,541,541,541,541,541,
541,541,541,541,541,541,541,541,541,541,541,541,541,541,541,616,616,616,616,541,541,541,541,541,541,541,541,541,541,541,541,541,
541,541,541,541,541,541,541,541,541,541,541,541,541,541,541,616,616,616,616,541,541,541,541,541,541,541,541,541,541,541,541,541,
541,541,541,541,541,541,541,541,541,541,541,541,541,541,541,616,616,616,616,541,541,541,541,541,541,541,541,541,541,541,541,541,
541,541,541,541,541,541,541,541,541,541,541,541,541,541,541,616,616,616,616,541,541,541,541,541,541,541,541,541,541,541,541,541,
541,541,541,541,541,541,541,541,541,541,541,541,541,541,541,616,616,616,616,616,616,616,616,616,616,616,616,616,616,616,616,616,
541,541,541,541,541,541,541,541,541,541,541,541,541,541,541,616,616,616,616,616,616,616,616,616,616,616,616,616,481,482,482,482,
541,541,541,541,541,541,541,541,541,541,541,541,541,541,541,616,616,616,616,616,616,616,616,616,616,616,616,616,508,509,509,509,
541,541,541,541,541,541,541,541,541,541,541,541,541,541,541,616,616,616,616,616,616,616,616,616,616,616,616,616,508,509,509,509,
541,541,541,541,541,541,541,541,541,541,541,541,541,541,541,616,616,616,616,616,616,616,616,616,616,616,616,616,535,536,536,536,
541,541,541,541,541,541,541,541,541,541,541,541,541,541,541,541,541,541,541,541,541,541,541,541,541,541,541,541,541,541,541,541,
541,541,541,541,541,541,541,541,541,541,541,541,541,541,541,541,541,541,541,541,541,541,541,541,541,541,541,541,541,541,541,541,
541,541,541,541,541,541,541,541,541,541,541,541,541,541,541,541,541,541,541,541,541,541,541,541,541,541,541,541,541,541,541,541

[layer]
type=object
data=
0,0,0,0,0,0,0,0,0,0,0,0,0,0,0,0,0,0,0,0,0,0,0,0,0,0,0,0,0,0,0,0,
0,0,0,0,0,0,0,0,0,0,597,0,0,0,0,0,0,0,0,0,0,0,0,0,0,0,0,0,0,0,0,0,
0,0,0,597,0,0,0,594,0,0,0,0,0,0,0,0,286,0,0,0,0,0,0,0,0,0,0,0,0,0,0,0,
0,0,0,0,0,0,0,0,0,0,0,594,0,0,918,0,0,0,0,919,0,0,0,0,0,0,0,0,0,0,0,0,
0,0,0,0,0,0,0,0,0,0,0,0,0,0,917,0,0,0,0,916,0,597,0,0,0,0,0,594,0,0,0,0,
0,0,0,0,0,0,0,0,0,0,0,0,0,0,917,0,0,0,0,916,0,0,0,0,0,0,0,0,0,0,0,0,
0,0,0,0,0,0,0,0,0,0,0,0,0,0,917,0,0,0,0,916,0,0,0,0,0,0,0,0,0,0,0,0,
0,0,0,0,0,0,0,0,0,0,0,0,0,0,917,0,0,0,0,916,0,0,0,0,0,0,0,0,0,0,0,0,
973,974,974,974,974,974,974,974,974,974,974,974,974,974,975,0,0,0,0,916,0,0,0,0,0,0,0,597,0,0,0,0,
0,0,0,0,0,0,0,0,286,0,0,0,0,0,0,0,0,0,259,916,0,0,0,0,0,0,0,0,0,0,0,0,
0,0,0,0,0,0,0,0,0,0,0,0,0,0,0,0,0,0,0,916,0,0,0,0,594,0,0,0,0,0,0,0,
0,0,0,0,0,0,0,0,0,0,0,0,0,0,0,0,0,0,0,916,0,0,0,0,0,0,0,0,0,0,0,0,
0,0,0,0,0,0,0,0,0,0,0,0,0,0,0,0,0,0,0,916,0,0,0,0,0,0,0,0,0,0,0,0,
899,900,900,900,900,900,900,900,900,900,900,900,900,900,914,0,0,0,0,916,0,0,0,0,0,0,0,594,0,0,0,0,
0,0,0,0,0,0,0,0,0,0,0,0,0,0,917,0,0,0,0,916,0,0,0,0,0,0,0,0,0,0,0,0,
0,0,0,0,0,0,0,0,0,0,0,0,0,0,917,0,0,0,0,916,0,0,0,0,0,0,0,0,0,0,0,0,
0,0,0,0,0,0,0,0,0,0,0,0,0,0,917,0,0,0,0,916,0,0,0,0,0,0,0,0,0,0,0,0,
0,0,0,0,0,0,594,0,0,0,0,0,0,0,917,0,0,0,0,916,0,0,0,0,597,0,0,0,0,0,597,0,
0,0,0,0,0,0,0,0,0,0,0,0,0,0,917,0,0,0,0,916,0,0,0,0,0,0,0,0,0,0,0,0,
0,0,0,0,597,0,0,0,0,0,0,0,0,0,917,0,0,0,286,916,0,0,0,0,0,0,0,0,0,0,0,0,
0,0,0,0,0,0,0,0,0,0,0,597,0,0,917,0,0,0,0,916,0,0,0,0,0,0,0,0,0,0,0,0,
0,0,594,0,0,0,0,0,0,0,0,0,0,0,917,0,0,0,0,916,0,0,0,0,0,0,0,0,0,0,0,0,
0,0,0,0,0,0,0,0,0,0,0,0,0,0,917,0,259,0,0,916,0,0,0,0,0,0,0,0,0,0,0,0,
0,0,0,0,0,0,0,0,0,0,0,0,0,0,917,0,0,0,0,916,0,0,0,0,0,0,0,0,0,0,0,0,
0,0,0,0,0,0,0,0,594,0,0,0,0,0,917,0,0,0,0,973,974,974,974,974,974,974,974,974,974,974,974,975,
0,0,0,0,0,0,0,0,0,0,0,0,0,0,917,0,0,0,0,0,0,0,0,0,0,0,0,0,0,0,0,0,
0,0,0,0,594,0,0,0,0,0,0,0,0,0,917,0,0,0,0,0,0,0,0,0,0,0,0,0,0,0,0,0,
0,0,0,0,0,0,0,0,0,0,0,0,0,0,917,0,0,0,0,0,0,0,0,0,0,0,0,0,0,0,0,0,
0,597,0,0,0,0,0,0,0,0,0,0,0,0,917,0,0,0,0,0,0,0,0,0,0,0,0,0,0,0,0,0,
0,0,0,0,0,0,0,597,0,0,0,0,0,0,899,900,900,900,900,900,900,900,900,900,900,900,900,900,900,900,900,913,
0,0,0,0,0,0,0,0,0,0,0,0,0,0,0,0,0,0,0,0,0,0,0,594,0,0,0,0,0,0,0,0,
0,0,0,0,0,0,0,0,0,0,0,0,0,0,0,0,0,594,0,0,0,0,0,0,0,0,0,0,0,0,0,0

[layer]
type=foreground
data=
0,0,0,0,0,0,0,0,0,0,0,0,0,0,0,0,0,0,0,0,0,0,0,0,0,0,0,0,0,0,0,0,
0,0,0,0,0,0,0,0,0,0,0,0,0,0,0,0,0,0,0,0,0,0,0,0,0,0,0,0,0,0,0,0,
0,0,0,0,0,0,0,0,0,0,0,0,0,0,0,0,0,0,0,0,0,0,0,0,0,0,0,0,0,0,0,0,
0,0,0,0,0,0,0,0,0,0,0,0,0,0,0,0,0,0,0,0,0,0,0,0,0,0,0,0,0,0,0,0,
0,0,0,0,0,0,0,0,0,0,0,0,0,0,0,0,0,0,0,0,0,0,0,0,0,0,0,0,0,0,0,0,
0,0,0,0,0,0,0,0,0,0,0,0,0,0,0,0,0,0,0,0,0,0,0,0,0,0,0,0,0,0,0,0,
0,0,0,0,0,0,0,0,0,0,0,0,0,0,0,0,0,0,0,0,0,0,0,0,0,0,0,0,0,0,0,0,
0,0,0,0,0,0,0,0,0,0,0,0,0,0,0,0,0,0,0,0,0,0,0,0,0,0,0,0,0,0,0,0,
0,0,0,0,0,0,0,0,0,0,0,0,0,0,917,0,0,0,0,0,0,0,0,0,0,0,0,0,0,0,0,0,
0,0,0,0,0,0,0,0,0,0,0,0,0,0,0,0,0,0,0,0,0,0,0,0,0,0,0,0,0,0,0,0,
0,0,0,0,0,0,0,0,0,0,0,0,0,0,0,0,0,0,0,0,0,0,0,0,0,0,0,0,0,0,0,0,
0,0,0,0,0,0,0,0,0,0,0,0,0,0,0,0,0,0,0,0,0,0,0,0,0,0,0,0,0,0,0,0,
0,0,0,0,0,0,0,0,0,0,0,0,0,0,0,0,0,0,0,0,0,0,0,0,0,0,0,0,0,0,0,0,
0,0,0,0,0,0,0,0,0,0,0,0,0,0,0,0,0,0,0,0,0,0,0,0,0,0,0,0,0,0,0,0,
0,0,0,0,0,0,0,0,0,0,0,0,0,0,0,0,0,0,0,0,0,0,0,0,0,0,0,0,0,0,0,0,
0,0,0,0,0,0,0,0,0,0,0,0,0,0,0,0,0,0,0,0,0,0,0,0,0,0,0,0,0,0,0,0,
0,0,0,0,0,0,0,0,0,0,0,0,0,0,0,0,0,0,0,0,0,0,0,0,0,0,0,0,0,0,0,0,
0,0,0,0,0,0,0,0,0,0,0,0,0,0,0,0,0,0,0,0,0,0,0,0,0,0,0,0,0,0,0,0,
0,0,0,0,0,0,0,0,0,0,0,0,0,0,0,0,0,0,0,0,0,0,0,0,0,0,0,0,0,0,0,0,
0,0,0,0,0,0,0,0,0,0,0,0,0,0,0,0,0,0,0,0,0,0,0,0,0,0,0,0,0,0,0,0,
0,0,0,0,0,0,0,0,0,0,0,0,0,0,0,0,0,0,0,0,0,0,0,0,0,0,0,0,0,0,0,0,
0,0,0,0,0,0,0,0,0,0,0,0,0,0,0,0,0,0,0,0,0,0,0,0,0,0,0,0,0,0,0,0,
0,0,0,0,0,0,0,0,0,0,0,0,0,0,0,0,0,0,0,0,0,0,0,0,0,0,0,0,0,0,0,0,
0,0,0,0,0,0,0,0,0,0,0,0,0,0,0,0,0,0,0,0,0,0,0,0,0,0,0,0,0,0,0,0,
0,0,0,0,0,0,0,0,0,0,0,0,0,0,0,0,0,0,0,916,0,0,0,0,0,0,0,0,0,0,0,0,
0,0,0,0,0,0,0,0,0,0,0,0,0,0,0,0,0,0,0,0,0,0,0,0,0,0,0,0,0,0,0,0,
0,0,0,0,0,0,0,0,0,0,0,0,0,0,0,0,0,0,0,0,0,0,0,0,0,0,0,0,0,0,0,0,
0,0,0,0,0,0,0,0,0,0,0,0,0,0,0,0,0,0,0,0,0,0,0,0,0,0,0,0,0,0,0,0,
0,0,0,0,0,0,0,0,0,0,0,0,0,0,0,0,0,0,0,0,0,0,0,0,0,0,0,0,0,0,0,0,
0,0,0,0,0,0,0,0,0,0,0,0,0,0,0,0,0,0,0,0,0,0,0,0,0,0,0,0,0,0,0,0,
0,0,0,0,0,0,0,0,0,0,0,0,0,0,0,0,0,0,0,0,0,0,0,0,0,0,0,0,0,0,0,0,
0,0,0,0,0,0,0,0,0,0,0,0,0,0,0,0,0,0,0,0,0,0,0,0,0,0,0,0,0,0,0,0

[layer]
type=collision
data=
0,0,0,0,0,0,0,0,0,0,0,0,0,0,1,0,0,0,0,1,0,0,0,0,0,0,0,0,0,0,0,0,
0,0,0,0,0,0,0,0,0,0,0,0,0,0,1,0,0,0,0,1,0,0,0,0,0,0,0,0,0,0,0,0,
0,0,0,0,0,0,0,0,0,0,0,0,0,0,1,0,4,0,0,1,0,0,0,0,0,0,0,0,0,0,0,0,
0,0,0,0,0,0,0,0,0,0,0,0,0,0,1,0,0,0,0,1,0,0,0,0,0,0,0,0,0,0,0,0,
0,0,0,0,0,0,0,0,0,0,0,0,0,0,1,0,0,0,0,1,0,0,0,0,0,0,0,0,0,0,0,0,
0,0,0,0,0,0,0,0,0,0,0,0,0,0,1,0,0,0,0,1,0,0,0,0,0,0,0,0,0,0,0,0,
0,0,0,0,0,0,0,0,0,0,0,0,0,0,1,0,0,0,0,1,0,0,0,0,0,0,0,0,0,0,0,0,
0,0,0,0,0,0,0,0,0,0,0,0,0,0,1,0,0,0,0,1,0,0,0,0,0,0,0,0,0,0,0,0,
1,1,1,1,1,1,1,1,1,1,1,1,1,1,1,0,0,0,0,1,0,0,0,0,0,0,0,0,0,0,0,0,
0,0,0,0,0,0,0,0,4,0,0,0,0,0,0,0,0,0,4,1,0,0,0,0,0,0,0,0,0,0,0,0,
0,0,0,0,0,0,0,0,0,0,0,0,0,0,0,0,0,0,0,1,0,0,0,0,0,0,0,0,0,0,0,0,
0,0,0,0,0,0,0,0,0,0,0,0,0,0,0,0,0,0,0,1,0,0,0,0,0,0,0,0,0,0,0,0,
0,0,0,0,0,0,0,0,0,0,0,0,0,0,0,0,0,0,0,1,0,0,0,0,0,0,0,0,0,0,0,0,
1,1,1,1,1,1,1,1,1,1,1,1,1,1,1,0,0,0,0,1,0,0,0,0,0,0,0,0,0,0,0,0,
0,0,0,0,0,0,0,0,0,0,0,0,0,0,1,0,0,0,0,1,0,0,0,0,0,0,0,0,0,0,0,0,
0,0,0,0,0,0,0,0,0,0,0,0,0,0,1,0,0,0,0,1,0,0,0,0,0,0,0,0,0,0,0,0,
0,0,0,0,0,0,0,0,0,0,0,0,0,0,1,0,0,0,0,1,0,0,0,0,0,0,0,0,0,0,0,0,
0,0,0,0,0,0,0,0,0,0,0,0,0,0,1,0,0,0,0,1,0,0,0,0,0,0,0,0,0,0,0,0,
0,0,0,0,0,0,0,0,0,0,0,0,0,0,1,0,0,0,0,1,0,0,0,0,0,0,0,0,0,0,0,0,
0,0,0,0,0,0,0,0,0,0,0,0,0,0,1,0,0,0,4,1,0,0,0,0,0,0,0,0,0,0,0,0,
0,0,0,0,0,0,0,0,0,0,0,0,0,0,1,0,0,0,0,1,0,0,0,0,0,0,0,0,0,0,0,0,
0,0,0,0,0,0,0,0,0,0,0,0,0,0,1,0,0,0,0,1,0,0,0,0,0,0,0,0,0,0,0,0,
0,0,0,0,0,0,0,0,0,0,0,0,0,0,1,0,4,0,0,1,0,0,0,0,0,0,0,0,0,0,0,0,
0,0,0,0,0,0,0,0,0,0,0,0,0,0,1,0,0,0,0,1,0,0,0,0,0,0,0,0,0,0,0,0,
0,0,0,0,0,0,0,0,0,0,0,0,0,0,1,0,0,0,0,1,1,1,1,1,1,1,1,1,1,1,1,1,
0,0,0,0,0,0,0,0,0,0,0,0,0,0,1,0,0,0,0,0,0,0,0,0,0,0,0,0,0,0,0,0,
0,0,0,0,0,0,0,0,0,0,0,0,0,0,1,0,0,0,0,0,0,0,0,0,0,0,0,0,0,0,0,0,
0,0,0,0,0,0,0,0,0,0,0,0,0,0,1,0,0,0,0,0,0,0,0,0,0,0,0,0,0,0,0,0,
0,0,0,0,0,0,0,0,0,0,0,0,0,0,1,0,0,0,0,0,0,0,0,0,0,0,0,0,0,0,0,0,
0,0,0,0,0,0,0,0,0,0,0,0,0,0,1,1,1,1,1,1,1,1,1,1,1,1,1,1,1,1,1,1,
0,0,0,0,0,0,0,0,0,0,0,0,0,0,0,0,0,0,0,0,0,0,0,0,0,0,0,0,0,0,0,0,
0,0,0,0,0,0,0,0,0,0,0,0,0,0,0,0,0,0,0,0,0,0,0,0,0,0,0,0,0,0,0,0

[enemy]
# 2 ghosts
type=enemy
location=15,16,4,2
category=ghost
level=1,1
number=2,2

[enemy]
# 2 Venom bats
type=enemy
location=15,5,4,2
category=venombat
level=3,3
number=2,2

[enemy]
# Target
type=enemy
location=15,14,1,1
category=ghostbomb

[enemy]
# Target
type=enemy
location=18,15,1,1
category=ghostbomb

[enemy]
# Target
type=enemy
location=17,15,1,1
category=ghostbomb

[enemy]
# Target
type=enemy
location=16,15,1,1
category=ghostbomb

[enemy]
# Target
type=enemy
location=15,15,1,1
category=ghostbomb

[enemy]
# Target
type=enemy
location=18,14,1,1
category=ghostbomb

[enemy]
# Target
type=enemy
location=17,14,1,1
category=ghostbomb

[enemy]
# Target
type=enemy
location=16,14,1,1
category=ghostbomb

[event]
# Teleport to Castle3
type=event
location=31,25,1,4
activate=on_trigger
intermap=maps/castle3.txt,1,22

[event]
# Teleport to Castle6
type=event
location=15,0,4,1
activate=on_trigger
intermap=maps/castle6.txt,14,30

[event]
# Teleport to CastleC
type=event
location=0,9,1,4
activate=on_trigger
intermap=maps/castlec.txt,30,12

[event]
# Alert
type=event
location=27,25,1,4
activate=on_trigger
msg=Violent bombs ahead!
repeat=false

[event]
# Alert
type=event
location=19,25,1,4
activate=on_trigger
msg=Destroy them from afar to defuse them!
repeat=false

