[header]
width=32
height=32
music=mysticaltheme.ogg
tileset=town.txt
title=Castle Balcony

[layer]
type=background
data=
119,119,119,119,119,119,119,119,119,119,119,119,119,119,119,119,119,119,119,119,119,119,119,119,119,119,119,119,119,119,119,119,
119,119,119,119,119,119,119,119,119,119,119,119,119,119,119,119,119,119,119,119,119,119,119,119,119,119,119,119,119,119,119,119,
119,119,119,119,119,119,119,119,119,119,119,119,119,119,119,119,119,119,119,119,119,119,119,119,119,119,119,119,119,119,119,119,
119,119,119,119,119,119,119,119,119,119,119,119,119,119,119,119,119,119,119,119,119,119,119,119,119,119,119,119,119,119,119,119,
122,122,122,122,122,122,122,122,122,122,122,122,122,122,122,122,122,122,122,122,122,122,122,122,122,122,122,122,122,122,122,122,
122,122,122,122,122,122,122,122,122,122,122,122,122,122,122,122,122,122,122,122,122,122,122,122,122,122,122,122,122,122,122,122,
122,122,122,122,122,122,122,122,122,122,122,122,122,122,122,122,122,122,122,122,122,122,122,122,122,122,122,122,122,122,122,122,
122,122,122,122,122,122,122,122,122,122,122,122,122,122,122,122,122,122,122,122,122,122,122,122,122,122,122,122,122,122,122,122,
122,122,122,122,122,122,122,122,122,122,122,122,122,122,122,122,122,122,122,122,122,122,122,122,122,122,122,122,122,122,122,122,
122,122,122,122,122,122,122,122,122,122,122,122,122,122,122,122,122,122,122,122,122,122,122,122,122,122,122,122,122,122,122,122,
122,122,122,122,702,702,702,702,702,702,702,702,702,702,702,702,702,702,702,702,702,702,702,702,702,702,122,122,122,122,122,122,
122,122,122,122,702,702,702,702,702,702,702,702,702,702,702,702,702,702,702,702,702,702,702,702,702,702,122,122,122,122,122,122,
122,122,122,122,702,702,702,702,702,702,702,702,702,702,702,702,702,702,702,702,702,702,702,702,702,702,122,122,122,122,122,122,
122,122,122,122,702,702,702,702,702,702,702,702,702,702,702,702,702,702,702,702,702,702,702,702,702,702,122,122,122,122,122,122,
122,122,122,122,702,702,702,702,702,702,702,702,702,702,702,702,702,702,702,702,702,702,702,702,702,702,122,122,122,122,122,122,
122,122,122,122,702,702,702,702,702,702,702,702,702,702,702,702,702,702,702,702,702,702,702,702,702,702,122,122,122,122,122,122,
122,122,122,122,702,702,702,702,702,702,702,702,702,702,702,702,702,702,702,702,702,702,702,702,702,702,122,122,122,122,122,122,
122,122,122,122,702,702,702,702,702,702,702,702,702,702,702,702,702,702,702,702,702,702,702,702,702,702,122,122,122,122,122,122,
122,122,122,122,702,702,702,702,702,702,702,702,702,702,702,702,702,702,702,702,702,702,702,702,702,702,122,122,122,122,122,122,
122,122,122,122,702,702,702,702,702,702,702,702,702,702,702,702,702,702,702,702,702,702,702,702,702,702,122,122,122,122,122,122,
122,122,122,122,702,702,702,702,702,702,702,702,702,702,702,702,702,702,702,702,702,702,702,702,702,702,122,122,122,122,122,122,
122,122,122,122,702,702,702,702,702,702,702,702,702,702,702,702,702,702,702,702,702,702,702,702,702,702,122,122,122,122,122,122,
122,122,122,122,702,702,702,702,702,702,702,702,702,702,702,702,702,702,702,702,702,702,702,702,702,702,122,122,122,122,122,122,
122,122,122,122,702,702,702,702,702,702,702,702,702,702,702,702,702,702,702,702,702,702,702,702,702,702,122,122,122,122,122,122,
122,122,122,122,702,702,702,702,702,702,702,702,702,702,702,702,702,702,702,702,702,702,702,702,702,702,122,122,122,122,122,122,
122,122,122,122,702,702,702,702,702,702,702,702,702,702,702,702,702,702,702,702,702,702,702,702,702,702,122,122,122,122,122,122,
122,122,122,122,702,702,702,702,702,702,702,702,702,702,702,702,702,702,702,702,702,702,702,702,702,702,122,122,122,122,122,122,
122,122,122,122,702,702,702,702,702,702,702,702,702,702,702,702,702,702,702,702,702,702,702,702,702,702,122,122,122,122,122,122,
122,122,122,122,702,702,702,702,702,702,702,702,481,482,482,483,702,702,702,702,702,702,702,702,702,702,122,122,122,122,122,122,
122,122,122,122,702,702,702,702,702,702,702,702,508,509,509,510,702,702,702,702,702,702,702,702,702,702,122,122,122,122,122,122,
122,122,122,119,122,122,122,122,122,122,122,702,508,509,509,510,702,122,122,122,122,122,122,122,122,122,119,122,122,122,122,122,
122,122,122,119,122,122,122,122,122,122,122,702,508,509,509,510,702,122,122,122,122,122,122,122,122,122,119,122,122,122,122,122

[layer]
type=fringe
data=
0,0,0,0,0,0,0,226,253,254,255,0,0,0,0,0,0,0,0,0,0,0,0,0,226,0,0,0,0,0,0,0,
0,0,0,0,0,0,0,0,307,308,309,0,0,0,0,0,0,0,0,0,0,0,0,0,0,0,0,253,255,0,0,0,
0,0,0,226,0,0,0,0,0,0,0,0,0,0,0,0,0,226,0,0,0,0,0,0,0,0,0,307,309,0,0,0,
0,0,0,0,0,0,0,0,0,0,0,0,0,0,0,0,0,0,0,0,0,0,0,0,0,0,0,0,0,0,0,0,
0,0,0,0,0,0,0,0,0,0,0,0,0,0,0,0,0,0,0,0,0,0,0,0,0,0,0,0,0,0,0,0,
0,0,0,0,0,0,0,0,0,0,0,0,0,0,0,0,0,0,0,0,0,0,0,0,0,0,0,0,0,0,0,0,
0,0,0,0,0,0,0,0,0,0,0,0,0,0,0,0,0,0,0,0,0,0,0,0,0,0,0,0,0,0,0,0,
0,0,0,0,0,0,0,0,0,0,0,0,0,0,0,0,0,0,0,0,0,0,0,0,0,0,0,0,0,0,0,0,
0,0,0,0,0,0,0,0,0,0,0,0,0,0,0,0,0,0,0,0,0,0,0,0,0,0,0,0,0,0,0,0,
0,0,0,0,0,0,0,0,0,0,0,0,0,0,0,0,0,0,0,0,0,0,0,0,0,0,0,0,0,0,0,0,
0,0,0,0,0,0,0,0,0,0,0,0,0,0,0,0,0,0,0,0,0,0,0,0,0,0,0,0,0,0,0,0,
0,0,0,0,0,0,0,0,0,0,0,0,0,0,0,0,0,0,0,0,0,0,0,0,0,0,0,0,0,0,0,0,
0,0,0,0,0,0,0,0,0,0,0,0,0,0,0,0,0,0,0,0,0,0,0,0,0,0,0,0,0,0,0,0,
0,0,0,0,0,0,0,0,0,0,0,0,0,0,0,0,0,0,0,0,0,0,0,0,0,0,0,0,0,0,0,0,
0,0,0,0,0,0,0,0,0,0,0,0,0,0,0,0,0,0,0,0,0,0,0,0,0,0,0,0,0,0,0,0,
0,0,0,0,0,0,0,0,0,0,0,0,0,0,0,0,0,0,0,0,0,0,0,0,0,0,0,0,0,0,0,0,
0,0,0,0,0,0,0,0,0,0,0,0,0,0,0,0,0,0,0,0,0,0,0,0,0,0,0,0,0,0,0,0,
0,0,0,0,0,0,0,0,0,0,0,0,0,0,0,0,0,0,0,0,0,0,0,0,0,0,0,0,0,0,0,0,
0,0,0,0,0,0,0,0,0,0,0,0,0,0,0,0,0,0,0,0,0,0,0,0,0,0,0,0,0,0,0,0,
0,0,0,0,0,0,0,0,0,0,0,0,0,0,0,0,0,0,0,0,0,0,0,0,0,0,0,0,0,0,0,0,
0,0,0,0,0,0,0,0,0,0,0,0,0,0,0,0,0,0,0,0,0,0,0,0,0,0,0,0,0,0,0,0,
0,0,0,0,0,0,0,0,0,0,0,0,0,0,0,0,0,0,0,0,0,0,0,0,0,0,0,0,0,0,0,0,
0,0,0,0,0,0,0,0,0,0,0,0,0,0,0,0,0,0,0,0,0,0,0,0,0,0,0,0,0,0,0,0,
0,0,0,0,0,0,0,0,0,0,0,0,0,0,0,0,0,0,0,0,0,0,0,0,0,0,0,0,0,0,0,0,
0,0,0,0,0,0,0,0,0,0,0,0,0,0,0,0,0,0,0,0,0,0,0,0,0,0,0,0,0,0,0,0,
0,0,0,0,0,0,0,0,0,0,0,0,0,0,0,0,0,0,0,0,0,0,0,0,0,0,0,0,0,0,0,0,
0,0,0,0,0,0,0,0,0,0,0,0,0,0,0,0,0,0,0,0,0,0,0,0,0,0,0,0,0,0,0,0,
0,0,0,0,0,0,0,0,0,0,0,0,0,0,0,0,0,0,0,0,0,0,0,0,0,0,0,0,0,0,0,0,
0,0,0,0,0,0,0,0,0,0,0,0,0,0,0,0,0,0,0,0,0,0,0,0,0,0,0,0,0,0,0,0,
0,0,0,0,0,0,0,0,0,0,0,0,0,0,0,0,0,0,0,0,0,0,0,0,0,0,0,0,0,0,0,0,
0,0,0,0,0,0,0,0,0,0,0,0,0,0,0,0,0,0,0,0,0,0,0,0,0,0,0,0,0,0,0,0,
0,0,0,0,0,0,0,0,0,0,0,0,0,0,0,0,0,0,0,0,0,0,0,0,0,0,0,0,0,0,0,0

[layer]
type=object
data=
0,0,0,0,0,0,0,0,0,0,0,0,0,0,0,0,0,0,0,0,0,0,0,0,0,0,0,0,0,0,0,0,
0,0,0,0,0,0,0,0,0,0,0,0,0,0,0,0,0,0,0,0,0,0,0,0,0,0,0,0,0,0,0,0,
0,0,0,0,0,0,0,0,0,0,0,0,0,0,0,0,0,0,0,0,0,0,0,0,0,0,0,0,0,0,0,0,
0,0,0,0,0,0,0,0,0,0,0,0,0,0,0,0,0,0,0,0,0,0,0,0,0,0,0,0,0,0,0,0,
0,0,0,0,0,0,0,0,0,0,0,0,0,0,0,0,0,0,0,0,0,0,0,0,0,0,0,0,0,0,0,0,
0,0,0,0,0,0,0,0,0,0,0,0,0,0,0,0,0,0,0,0,0,0,0,0,0,0,0,0,0,0,0,0,
0,0,0,0,0,0,0,0,0,0,0,0,0,0,0,0,0,0,0,0,0,0,0,0,0,0,0,0,0,0,0,0,
0,0,0,0,0,0,0,0,0,0,0,0,0,0,0,0,0,0,0,0,0,0,0,0,0,0,0,0,0,0,0,0,
0,0,0,0,0,0,0,0,0,0,0,0,0,0,0,0,0,0,0,0,0,0,0,0,0,0,0,0,0,0,0,0,
0,0,0,0,995,995,995,995,995,995,995,995,995,995,995,995,995,995,995,995,995,995,995,995,995,995,997,0,0,0,0,0,
0,0,0,0,990,0,0,0,0,0,0,0,0,0,0,0,0,0,0,0,0,0,0,0,0,0,997,0,0,0,0,0,
0,0,0,0,990,0,0,0,0,0,0,0,0,0,0,0,0,0,0,0,0,0,0,0,0,0,997,0,0,0,0,0,
0,0,0,0,990,0,0,0,0,0,0,0,0,0,0,0,0,0,0,0,0,0,0,0,0,0,997,0,0,0,0,0,
0,0,0,0,990,0,0,0,0,0,0,0,0,0,0,0,0,0,0,0,0,0,0,0,0,0,997,0,0,0,0,0,
0,0,0,0,990,0,0,0,0,0,0,0,0,0,0,0,0,0,0,0,0,0,0,0,0,0,997,0,0,0,0,0,
0,0,0,0,990,0,0,0,0,0,0,0,0,0,0,0,0,0,0,0,0,0,0,0,0,0,997,0,0,0,0,0,
0,0,0,0,990,0,0,0,0,0,0,0,0,0,0,0,0,0,0,0,0,0,0,0,0,0,997,0,0,0,0,0,
0,0,0,0,990,0,0,0,0,0,0,0,0,0,0,0,0,0,0,0,0,0,0,0,0,0,997,0,0,0,0,0,
0,0,0,0,990,0,0,0,0,0,0,0,0,0,0,0,0,0,0,0,0,0,0,0,0,0,997,0,0,0,0,0,
0,0,0,0,990,0,0,0,0,0,0,0,0,0,0,0,0,0,0,0,0,0,0,0,0,0,997,0,0,0,0,0,
0,0,0,0,990,0,0,0,0,0,0,0,0,0,0,0,0,0,0,0,0,0,0,0,0,0,997,0,0,0,0,0,
0,0,0,0,990,0,0,0,0,0,0,0,0,0,0,0,0,0,0,0,0,0,0,0,0,0,997,0,0,0,0,0,
0,0,0,0,990,0,0,0,0,0,0,0,0,0,0,0,0,0,0,0,0,0,0,0,0,0,997,0,0,0,0,0,
0,0,0,0,990,0,0,0,0,0,0,0,0,0,0,0,0,0,0,0,0,0,0,0,0,0,997,0,0,0,0,0,
0,0,0,0,990,0,0,0,0,0,0,0,0,0,0,0,0,0,0,0,0,0,0,0,0,0,997,0,0,0,0,0,
0,0,0,0,990,0,0,0,0,0,0,0,0,0,0,0,0,0,0,0,0,0,0,0,0,0,997,0,0,0,0,0,
0,0,0,0,990,0,0,0,0,0,0,0,0,0,0,0,0,0,0,0,0,0,0,0,0,0,997,0,0,0,0,0,
0,0,0,0,990,0,0,0,0,0,0,0,0,0,0,0,0,0,0,0,0,0,0,0,0,0,997,0,0,0,0,0,
0,0,0,0,990,0,0,0,0,0,0,0,0,0,0,0,0,0,0,0,0,0,0,0,0,0,997,0,0,0,0,0,
0,0,0,0,990,0,0,0,0,0,0,0,0,0,0,0,0,0,0,0,0,0,0,0,0,0,997,0,0,0,0,0,
0,0,0,0,1021,971,971,971,971,971,1041,1035,0,0,0,0,918,0,971,971,971,971,971,971,971,1041,1035,0,0,0,0,0,
0,0,0,1005,900,900,900,900,900,900,900,1027,0,0,0,0,1005,900,900,900,900,900,900,900,900,900,1027,0,0,0,0,0

[layer]
type=foreground
data=
0,0,0,0,0,0,0,0,0,0,0,0,0,0,0,0,0,0,0,0,0,0,0,0,0,0,0,0,0,0,0,0,
0,0,0,0,0,0,0,0,0,0,0,0,0,0,0,0,0,0,0,0,0,0,0,0,0,0,0,0,0,0,0,0,
0,0,0,0,0,0,0,0,0,0,0,0,0,0,0,0,0,0,0,0,0,0,0,0,0,0,0,0,0,0,0,0,
0,0,0,0,0,0,0,0,0,0,0,0,0,0,0,0,0,0,0,0,0,0,0,0,0,0,0,0,0,0,0,0,
0,0,0,0,0,0,0,0,0,0,0,0,0,0,0,0,0,0,0,0,0,0,0,0,0,0,0,0,0,0,0,0,
0,0,0,0,0,0,0,0,0,0,0,0,0,0,0,0,0,0,0,0,0,0,0,0,0,0,0,0,0,0,0,0,
0,0,0,0,0,0,0,0,0,0,0,0,0,0,0,0,0,0,0,0,0,0,0,0,0,0,0,0,0,0,0,0,
0,0,0,0,0,0,0,0,0,0,0,0,0,0,0,0,0,0,0,0,0,0,0,0,0,0,0,0,0,0,0,0,
0,0,0,0,0,0,0,0,0,0,0,0,0,0,0,0,0,0,0,0,0,0,0,0,0,0,0,0,0,0,0,0,
0,0,0,0,0,0,0,0,0,0,0,0,0,0,0,0,0,0,0,0,0,0,0,0,0,0,0,0,0,0,0,0,
0,0,0,0,0,0,0,0,0,0,0,0,0,0,0,0,0,0,0,0,0,0,0,0,0,0,0,0,0,0,0,0,
0,0,0,0,0,0,0,0,0,0,0,0,0,0,0,0,0,0,0,0,0,0,0,0,0,0,0,0,0,0,0,0,
0,0,0,0,0,0,0,0,0,0,0,0,0,0,0,0,0,0,0,0,0,0,0,0,0,0,0,0,0,0,0,0,
0,0,0,0,0,0,0,0,0,0,0,0,0,0,0,0,0,0,0,0,0,0,0,0,0,0,0,0,0,0,0,0,
0,0,0,0,0,0,0,0,0,0,0,0,0,0,0,0,0,0,0,0,0,0,0,0,0,0,0,0,0,0,0,0,
0,0,0,0,0,0,0,0,0,0,0,0,0,0,0,0,0,0,0,0,0,0,0,0,0,0,0,0,0,0,0,0,
0,0,0,0,0,0,0,0,0,0,0,0,0,0,0,0,0,0,0,0,0,0,0,0,0,0,0,0,0,0,0,0,
0,0,0,0,0,0,0,0,0,0,0,0,0,0,0,0,0,0,0,0,0,0,0,0,0,0,0,0,0,0,0,0,
0,0,0,0,0,0,0,0,0,0,0,0,0,0,0,0,0,0,0,0,0,0,0,0,0,0,0,0,0,0,0,0,
0,0,0,0,0,0,0,0,0,0,0,0,0,0,0,0,0,0,0,0,0,0,0,0,0,0,0,0,0,0,0,0,
0,0,0,0,0,0,0,0,0,0,0,0,0,0,0,0,0,0,0,0,0,0,0,0,0,0,0,0,0,0,0,0,
0,0,0,0,0,0,0,0,0,0,0,0,0,0,0,0,0,0,0,0,0,0,0,0,0,0,0,0,0,0,0,0,
0,0,0,0,0,0,0,0,0,0,0,0,0,0,0,0,0,0,0,0,0,0,0,0,0,0,0,0,0,0,0,0,
0,0,0,0,0,0,0,0,0,0,0,0,0,0,0,0,0,0,0,0,0,0,0,0,0,0,0,0,0,0,0,0,
0,0,0,0,0,0,0,0,0,0,0,0,0,0,0,0,0,0,0,0,0,0,0,0,0,0,0,0,0,0,0,0,
0,0,0,0,0,0,0,0,0,0,0,0,0,0,0,0,0,0,0,0,0,0,0,0,0,0,0,0,0,0,0,0,
0,0,0,0,0,0,0,0,0,0,0,0,0,0,0,0,0,0,0,0,0,0,0,0,0,0,0,0,0,0,0,0,
0,0,0,0,0,0,0,0,0,0,0,0,0,0,0,0,0,0,0,0,0,0,0,0,0,0,0,0,0,0,0,0,
0,0,0,0,0,0,0,0,0,0,0,0,0,0,0,0,0,0,0,0,0,0,0,0,0,0,0,0,0,0,0,0,
0,0,0,0,0,0,0,0,0,0,0,0,0,0,0,0,0,0,0,0,0,0,0,0,0,0,0,0,0,0,0,0,
0,0,0,1013,0,0,0,0,0,0,0,0,0,0,0,0,1013,1021,0,0,0,0,0,0,0,0,0,0,0,0,0,0,
0,0,0,1019,0,0,0,0,0,0,0,0,0,0,0,0,1005,0,0,0,0,0,0,0,0,0,0,0,0,0,0,0

[layer]
type=collision
data=
4,4,4,4,4,4,4,4,4,4,4,4,4,4,4,4,4,4,4,4,4,4,4,4,4,4,4,4,4,4,4,4,
4,4,4,4,4,4,4,4,4,4,4,4,4,4,4,4,4,4,4,4,4,4,4,4,4,4,4,4,4,4,4,4,
4,4,4,4,4,4,4,4,4,4,4,4,4,4,4,4,4,4,4,4,4,4,4,4,4,4,4,4,4,4,4,4,
4,4,4,4,4,4,4,4,4,4,4,4,4,4,4,4,4,4,4,4,4,4,4,4,4,4,4,4,4,4,4,4,
4,4,4,4,4,4,4,4,4,4,4,4,4,4,4,4,4,4,4,4,4,4,4,4,4,4,4,4,4,4,4,4,
4,4,4,4,4,4,4,4,4,4,4,4,4,4,4,4,4,4,4,4,4,4,4,4,4,4,4,4,4,4,4,4,
4,4,4,4,4,4,4,4,4,4,4,4,4,4,4,4,4,4,4,4,4,4,4,4,4,4,4,4,4,4,4,4,
4,4,4,4,4,4,4,4,4,4,4,4,4,4,4,4,4,4,4,4,4,4,4,4,4,4,4,4,4,4,4,4,
4,4,4,4,4,4,4,4,4,4,4,4,4,4,4,4,4,4,4,4,4,4,4,4,4,4,4,4,4,4,4,4,
4,4,4,4,2,2,2,2,2,2,2,2,2,2,2,2,2,2,2,2,2,2,2,2,2,2,2,4,4,4,4,4,
4,4,4,4,2,0,0,0,0,0,0,0,0,0,0,0,0,0,0,0,0,0,0,0,0,0,2,4,4,4,4,4,
4,4,4,4,2,0,0,0,0,0,0,0,0,0,0,0,0,0,0,0,0,0,0,0,0,0,2,4,4,4,4,4,
4,4,4,4,2,0,0,0,0,0,0,0,0,0,0,0,0,0,0,0,0,0,0,0,0,0,2,4,4,4,4,4,
4,4,4,4,2,0,0,0,0,0,0,0,0,0,0,0,0,0,0,0,0,0,0,0,0,0,2,4,4,4,4,4,
4,4,4,4,2,0,0,0,0,0,0,0,0,0,0,0,0,0,0,0,0,0,0,0,0,0,2,4,4,4,4,4,
4,4,4,4,2,0,0,0,0,0,0,0,0,0,0,0,0,0,0,0,0,0,0,0,0,0,2,4,4,4,4,4,
4,4,4,4,2,0,0,0,0,0,0,0,0,0,0,0,0,0,0,0,0,0,0,0,0,0,2,4,4,4,4,4,
4,4,4,4,2,0,0,0,0,0,0,0,0,0,0,0,0,0,0,0,0,0,0,0,0,0,2,4,4,4,4,4,
4,4,4,4,2,0,0,0,0,0,0,0,0,0,0,0,0,0,0,0,0,0,0,0,0,0,2,4,4,4,4,4,
4,4,4,4,2,0,0,0,0,0,0,0,0,0,0,0,0,0,0,0,0,0,0,0,0,0,2,4,4,4,4,4,
4,4,4,4,2,0,0,0,0,0,0,0,0,0,0,0,0,0,0,0,0,0,0,0,0,0,2,4,4,4,4,4,
4,4,4,4,2,0,0,0,0,0,0,0,0,0,0,0,0,0,0,0,0,0,0,0,0,0,2,4,4,4,4,4,
4,4,4,4,2,0,0,0,0,0,0,0,0,0,0,0,0,0,0,0,0,0,0,0,0,0,2,4,4,4,4,4,
4,4,4,4,2,0,0,0,0,0,0,0,0,0,0,0,0,0,0,0,0,0,0,0,0,0,2,4,4,4,4,4,
4,4,4,4,2,0,0,0,0,0,0,0,0,0,0,0,0,0,0,0,0,0,0,0,0,0,2,4,4,4,4,4,
4,4,4,4,2,0,0,0,0,0,0,0,0,0,0,0,0,0,0,0,0,0,0,0,0,0,2,4,4,4,4,4,
4,4,4,4,2,0,0,0,0,0,0,0,0,0,0,0,0,0,0,0,0,0,0,0,0,0,2,4,4,4,4,4,
4,4,4,4,2,0,0,0,0,0,0,0,0,0,0,0,0,0,0,0,0,0,0,0,0,0,2,4,4,4,4,4,
4,4,4,4,2,0,0,0,0,0,0,0,0,0,0,0,0,0,0,0,0,0,0,0,0,0,2,4,4,4,4,4,
4,4,4,4,2,0,0,0,0,0,0,0,0,0,0,0,0,0,0,0,0,0,0,0,0,3,2,4,4,4,4,4,
4,4,4,4,1,1,1,1,1,1,1,1,0,0,0,0,1,1,1,1,1,1,1,1,1,1,2,4,4,4,4,4,
4,4,4,4,1,1,1,1,1,1,1,1,0,0,0,0,1,1,1,1,1,1,1,1,1,1,2,4,4,4,4,4

[enemy]
# Giant Ghost
type=giantghost
location=13,14,1,1

[event]
# Teleport to Castle5
type=teleport
location=12,31,4,1
intermap=castle5.txt,17,1
requires_status=2ndjugg

[event]
# Alert
type=run_once
location=12,30,4,1
msg=TRAPPED!

