[header]
width=24
height=23
tilewidth=32
tileheight=32
orientation=orthogonal
music=music/calmtown.ogg
tileset=tilesetdefs/interior.txt
title=Granary

[tilesets]
tileset=../../../tiled/laurelia/tiled_collision.png,32,32,0,0
tileset=../../../tiled/laurelia/interior_background.png,32,32,0,0
tileset=../../../tiled/laurelia/intfurniture.png,32,64,0,0
tileset=../../../tiled/laurelia/interiorbuildings.png,32,128,0,0

[layer]
type=background
data=
489,489,489,489,489,489,489,489,489,489,489,489,489,489,489,489,489,489,489,489,489,489,489,489,
489,489,489,489,489,489,489,489,489,489,489,489,489,489,489,489,489,489,489,489,489,489,489,489,
489,489,489,489,489,489,489,489,489,489,489,489,489,489,489,489,489,489,489,489,489,489,489,489,
489,489,489,489,489,489,489,489,489,489,489,489,489,489,489,489,489,489,489,489,489,489,489,489,
489,489,489,489,489,489,489,489,489,489,489,489,489,489,489,489,489,489,489,489,489,489,489,489,
489,489,489,156,156,156,156,156,156,156,156,156,156,156,156,156,156,156,156,156,156,489,489,489,
489,489,489,156,156,156,156,156,156,156,156,156,156,156,156,156,156,156,156,156,156,489,489,489,
489,489,489,156,156,156,156,156,156,156,156,156,156,156,156,156,156,156,156,156,156,489,489,489,
489,489,489,156,156,156,156,156,156,156,156,156,156,156,156,156,156,156,156,156,156,489,489,489,
489,489,489,156,156,156,156,156,156,156,156,156,156,156,156,156,156,156,156,156,156,489,489,489,
489,489,489,156,156,156,156,156,156,156,156,156,156,156,156,156,156,156,156,156,489,489,489,489,
489,489,489,489,489,489,489,489,489,489,489,156,156,156,156,156,156,156,156,156,489,489,489,489,
489,489,489,489,489,489,489,489,489,489,489,156,156,156,156,156,156,156,156,489,489,489,489,489,
489,489,489,489,489,489,489,489,489,489,489,156,156,156,156,156,156,156,156,489,489,489,489,489,
489,489,489,489,489,489,489,489,489,489,489,156,156,156,156,156,156,156,156,489,489,489,489,489,
489,489,489,489,489,489,489,489,489,489,489,156,156,156,156,156,156,156,156,489,489,489,489,489,
489,489,489,489,489,489,489,489,489,489,489,156,156,156,156,156,156,156,156,489,489,489,489,489,
489,489,489,489,489,489,489,489,489,489,489,156,156,156,156,156,156,156,156,489,489,489,489,489,
489,489,489,489,489,489,489,489,489,489,489,156,156,156,156,156,156,156,156,489,489,489,489,489,
489,489,489,489,489,489,489,489,489,489,489,156,156,156,156,156,156,156,156,489,489,489,489,489,
489,489,489,489,489,489,489,489,489,489,489,489,489,489,489,489,489,489,489,489,489,489,489,489,
489,489,489,489,489,489,489,489,489,489,489,489,489,489,489,489,489,489,489,489,489,489,489,489,
489,489,489,489,489,489,489,489,489,489,489,489,489,489,489,489,489,489,489,489,489,489,489,489

[layer]
type=object
data=
0,0,0,0,0,0,0,0,0,0,0,0,0,0,0,0,0,0,0,0,0,0,0,0,
0,0,0,0,0,0,0,0,0,0,0,0,0,0,0,0,0,0,0,0,0,0,0,0,
0,0,0,0,0,0,0,0,0,0,0,0,0,0,0,0,0,0,0,0,0,0,0,0,
0,0,0,0,0,0,0,0,0,0,0,0,0,0,0,0,0,0,0,0,0,0,0,0,
0,0,0,962,963,963,963,963,963,963,963,963,963,963,963,963,963,963,963,963,964,0,0,0,
0,0,897,0,0,0,0,0,0,0,0,0,0,0,0,0,0,0,0,0,0,898,0,0,
0,0,896,0,0,0,0,0,0,0,0,0,0,0,0,0,0,181,181,181,181,895,0,0,
0,0,896,0,0,0,0,0,0,0,0,0,0,0,0,0,0,182,181,0,0,895,0,0,
0,0,896,0,0,0,0,0,0,0,0,0,0,0,0,0,0,0,0,0,0,895,0,0,
0,0,896,0,0,0,0,0,0,0,0,0,0,0,950,951,0,0,0,0,0,895,0,0,
0,0,920,921,921,923,0,0,928,921,935,0,0,0,0,0,0,0,0,936,921,934,0,0,
0,0,0,0,0,0,0,0,0,0,896,0,0,0,0,0,0,0,0,895,0,0,0,0,
0,0,0,0,0,0,0,0,0,0,896,0,0,0,0,0,0,0,0,895,0,0,0,0,
0,0,0,0,0,0,0,0,0,0,896,0,0,0,0,0,0,209,189,895,0,0,0,0,
0,0,0,0,0,0,0,0,0,0,896,0,0,0,0,0,0,187,188,895,0,0,0,0,
0,0,0,0,0,0,0,0,0,0,896,0,0,0,950,951,0,185,186,895,0,0,0,0,
0,0,0,0,0,0,0,0,0,0,896,802,803,0,0,0,0,183,184,895,0,0,0,0,
0,0,0,0,0,0,0,0,0,0,896,0,0,0,0,0,0,0,0,895,0,0,0,0,
0,0,0,0,0,0,0,0,0,0,896,0,0,0,0,0,0,0,0,895,0,0,0,0,
0,0,0,0,0,0,0,0,0,0,896,0,0,0,0,0,0,0,0,895,0,0,0,0,
0,0,0,0,0,0,0,0,0,0,920,921,922,922,921,921,922,922,921,934,0,0,0,0,
0,0,0,0,0,0,0,0,0,0,0,0,0,0,0,0,0,0,0,0,0,0,0,0,
0,0,0,0,0,0,0,0,0,0,0,0,0,0,0,0,0,0,0,0,0,0,0,0

[layer]
type=collision
data=
0,0,0,0,0,0,0,0,0,0,0,0,0,0,0,0,0,0,0,0,0,0,0,0,
0,0,0,0,0,0,0,0,0,0,0,0,0,0,0,0,0,0,0,0,0,0,0,0,
0,0,0,0,0,0,0,0,0,0,0,0,0,0,0,0,0,0,0,0,0,0,0,0,
0,0,0,0,0,0,0,0,0,0,0,0,0,0,0,0,0,0,0,0,0,0,0,0,
0,0,1,1,1,1,1,1,1,1,1,1,1,1,1,1,1,1,1,1,1,1,0,0,
0,0,1,0,0,0,0,0,0,0,0,0,0,0,0,0,0,0,0,0,0,1,0,0,
0,0,1,0,0,0,0,0,0,0,0,0,0,0,0,0,0,3,3,3,3,1,0,0,
0,0,1,0,0,0,0,0,0,0,0,0,0,0,0,0,0,3,3,3,3,1,0,0,
0,0,1,0,0,0,0,0,0,0,0,0,0,0,0,0,0,0,0,0,0,1,0,0,
0,0,1,0,0,0,0,0,0,0,0,0,0,0,1,1,0,0,0,0,0,1,0,0,
0,0,1,1,1,1,0,0,1,1,1,0,0,0,0,0,0,0,0,1,1,1,0,0,
0,0,0,0,0,3,3,3,3,0,1,0,0,0,0,0,0,0,0,1,0,0,0,0,
0,0,0,0,0,0,0,0,0,0,1,0,0,0,0,0,0,0,0,1,0,0,0,0,
0,0,0,0,0,0,0,0,0,0,1,0,0,0,0,0,0,3,3,1,0,0,0,0,
0,0,0,0,0,0,0,0,0,0,1,0,0,0,0,0,0,3,3,1,0,0,0,0,
0,0,0,0,0,0,0,0,0,0,1,3,3,0,1,1,0,3,3,1,0,0,0,0,
0,0,0,0,0,0,0,0,0,0,1,3,3,0,0,0,0,3,3,1,0,0,0,0,
0,0,0,0,0,0,0,0,0,0,1,3,3,0,0,0,0,0,0,1,0,0,0,0,
0,0,0,0,0,0,0,0,0,0,1,0,0,0,0,0,0,0,0,1,0,0,0,0,
0,0,0,0,0,0,0,0,0,0,1,0,0,0,0,0,0,0,0,1,0,0,0,0,
0,0,0,0,0,0,0,0,0,0,1,1,1,1,1,1,1,1,1,1,0,0,0,0,
0,0,0,0,0,0,0,0,0,0,0,0,0,0,0,0,0,0,0,0,0,0,0,0,
0,0,0,0,0,0,0,0,0,0,0,0,0,0,0,0,0,0,0,0,0,0,0,0

[event]
# Teleport to Laurelia
type=event
location=6,10,2,1
activate=on_trigger
intermap=maps/laurelia.txt,91,100

[npc]
# Quartermaster
type=npc
location=17,11,1,1
filename=npcs/quartermaster.txt

