[header]
width=26
height=21
tilewidth=32
tileheight=32
orientation=orthogonal
music=music/calmtown.ogg
tileset=tilesetdefs/interior.txt
title=Market

[tilesets]
tileset=../../../tiled/laurelia/tiled_collision.png,32,32,0,0
tileset=../../../tiled/laurelia/interior_background.png,32,32,0,0
tileset=../../../tiled/laurelia/intfurniture.png,32,64,0,0
tileset=../../../tiled/laurelia/interiorbuildings.png,32,128,0,0

[layer]
type=background
data=
489,489,489,489,489,489,489,489,489,489,489,489,489,489,489,489,489,489,489,489,489,489,489,489,489,489,
489,489,489,489,489,489,489,489,489,489,489,489,489,489,489,489,489,489,489,489,489,489,489,489,489,489,
489,489,489,489,489,489,489,489,489,489,489,489,489,489,489,489,489,489,489,489,489,489,489,489,489,489,
489,489,489,489,489,489,489,489,489,489,489,489,489,489,489,489,489,489,489,489,489,489,489,489,489,489,
489,489,489,489,489,489,489,489,489,489,489,489,489,489,489,489,489,489,489,489,489,489,489,489,489,489,
489,489,489,156,156,156,156,156,156,156,156,156,156,156,156,156,156,156,156,156,156,156,156,489,489,489,
489,489,489,156,156,156,156,156,156,156,156,156,156,156,156,156,156,156,156,156,156,156,156,489,489,489,
489,489,489,156,156,156,156,156,156,156,156,156,156,156,156,156,156,156,156,156,156,156,156,489,489,489,
489,489,489,156,156,156,156,156,156,156,156,156,156,156,156,156,156,156,156,156,156,156,156,489,489,489,
489,489,489,156,156,156,156,156,156,156,156,156,156,156,156,156,156,156,156,156,156,156,156,489,489,489,
489,489,489,156,156,156,156,156,156,156,156,156,156,156,156,156,156,156,156,156,156,156,156,489,489,489,
489,489,489,156,156,156,156,156,156,156,156,156,156,156,156,140,140,140,140,140,140,140,140,489,489,489,
489,489,489,489,489,489,489,489,489,489,489,489,489,489,489,156,156,156,156,156,156,156,156,489,489,489,
489,489,489,489,489,489,489,489,489,489,489,489,489,489,489,156,156,156,156,156,156,156,156,489,489,489,
489,489,489,489,489,489,489,489,489,489,489,489,489,489,489,156,156,156,156,156,156,156,156,489,489,489,
489,489,489,489,489,489,489,489,489,489,489,489,489,489,489,156,156,156,156,156,156,156,156,489,489,489,
489,489,489,489,489,489,489,489,489,489,489,489,489,489,489,156,156,156,156,156,156,156,156,489,489,489,
489,489,489,489,489,489,489,489,489,489,489,489,489,489,489,156,156,156,156,156,156,156,156,489,489,489,
489,489,489,489,489,489,489,489,489,489,489,489,489,489,489,489,489,489,156,156,489,489,489,489,489,489,
489,489,489,489,489,489,489,489,489,489,489,489,489,489,489,489,489,489,489,489,489,489,489,489,489,489,
489,489,489,489,489,489,489,489,489,489,489,489,489,489,489,489,489,489,489,489,489,489,489,489,489,489

[layer]
type=fringe
data=
0,0,0,0,0,0,0,0,0,0,0,0,0,0,0,0,0,0,0,0,0,0,0,0,0,0,
0,0,0,0,0,0,0,0,0,0,0,0,0,0,0,0,0,0,0,0,0,0,0,0,0,0,
0,0,0,0,0,0,0,0,0,0,0,0,0,0,0,0,0,0,0,0,0,0,0,0,0,0,
0,0,0,0,0,0,0,0,0,0,0,0,0,0,0,0,0,0,0,0,0,0,0,0,0,0,
0,0,0,0,0,0,0,0,0,0,0,0,0,0,0,0,0,0,0,0,0,0,0,0,0,0,
0,0,0,0,0,0,0,0,0,0,0,0,0,0,0,0,0,0,0,0,0,0,0,0,0,0,
0,0,0,0,0,0,0,0,0,0,0,0,0,0,0,0,0,0,0,0,0,0,0,0,0,0,
0,0,0,119,0,0,0,0,0,0,0,0,0,0,0,0,0,0,0,0,0,0,0,0,0,0,
0,0,0,173,0,0,0,0,0,0,0,0,0,0,0,0,0,0,0,0,0,0,0,0,0,0,
0,0,0,0,0,0,0,0,0,0,0,0,0,0,0,0,0,0,0,0,0,0,0,0,0,0,
0,0,0,0,0,0,0,0,0,0,0,0,0,0,0,0,0,0,0,0,0,0,0,0,0,0,
0,0,0,0,0,0,0,0,0,0,0,0,0,0,0,0,0,0,0,0,0,0,0,0,0,0,
0,0,0,0,0,0,0,0,0,0,0,0,0,0,0,0,0,0,0,0,0,0,0,0,0,0,
0,0,0,0,0,0,0,0,0,0,0,0,0,0,0,0,0,0,0,0,0,0,0,0,0,0,
0,0,0,0,0,0,0,0,0,0,0,0,0,0,0,0,0,0,0,0,0,0,0,0,0,0,
0,0,0,0,0,0,0,0,0,0,0,0,0,0,0,0,0,0,0,0,0,0,0,0,0,0,
0,0,0,0,0,0,0,0,0,0,0,0,0,0,0,0,0,0,0,0,0,0,0,0,0,0,
0,0,0,0,0,0,0,0,0,0,0,0,0,0,0,0,0,0,0,0,0,0,0,0,0,0,
0,0,0,0,0,0,0,0,0,0,0,0,0,0,0,0,0,0,0,0,0,0,0,0,0,0,
0,0,0,0,0,0,0,0,0,0,0,0,0,0,0,0,0,0,0,0,0,0,0,0,0,0,
0,0,0,0,0,0,0,0,0,0,0,0,0,0,0,0,0,0,0,0,0,0,0,0,0,0

[layer]
type=object
data=
0,0,0,0,0,0,0,0,0,0,0,0,0,0,0,0,0,0,0,0,0,0,0,0,0,0,
0,0,0,0,0,0,0,0,0,0,0,0,0,0,0,0,0,0,0,0,0,0,0,0,0,0,
0,0,0,0,0,0,0,0,0,0,0,0,0,0,0,0,0,0,0,0,0,0,0,0,0,0,
0,0,0,0,0,0,0,0,0,0,0,0,0,0,0,0,0,0,0,0,0,0,0,0,0,0,
0,0,0,962,963,963,963,963,963,963,963,963,963,963,963,963,963,963,963,963,963,963,964,0,0,0,
0,0,897,0,0,0,789,0,0,788,0,789,0,0,788,0,789,0,0,788,0,0,0,898,0,0,
0,0,896,0,0,0,827,0,0,825,0,827,0,0,825,0,827,0,0,825,0,0,743,895,0,0,
0,0,896,0,0,0,807,769,769,805,0,807,769,769,805,0,807,769,769,805,0,0,0,895,0,0,
0,0,896,0,0,0,0,0,0,0,0,0,0,0,0,0,0,0,0,0,0,0,0,895,0,0,
0,0,896,0,0,0,0,0,0,0,0,0,0,0,0,0,0,0,0,0,0,0,0,895,0,0,
0,0,896,0,0,0,0,0,0,0,0,0,0,0,0,0,0,0,0,0,0,0,0,895,0,0,
0,0,896,0,0,0,0,0,0,0,0,0,0,0,0,0,0,0,0,0,0,0,0,895,0,0,
0,0,920,921,921,921,922,922,922,922,921,921,921,921,935,0,0,0,0,0,0,0,0,895,0,0,
0,0,0,0,0,0,0,0,0,0,0,0,0,0,896,0,0,0,0,0,0,0,0,895,0,0,
0,0,0,0,0,0,0,0,0,0,0,0,0,0,896,0,0,0,0,0,0,0,0,895,0,0,
0,0,0,0,0,0,0,0,0,0,0,0,0,0,896,0,0,0,0,0,0,0,0,895,0,0,
0,0,0,0,0,0,0,0,0,0,0,0,0,0,896,0,0,0,0,0,0,0,0,895,0,0,
0,0,0,0,0,0,0,0,0,0,0,0,0,0,896,0,0,0,0,0,0,0,0,895,0,0,
0,0,0,0,0,0,0,0,0,0,0,0,0,0,920,921,921,923,0,0,928,921,921,934,0,0,
0,0,0,0,0,0,0,0,0,0,0,0,0,0,0,0,0,0,0,0,0,0,0,0,0,0,
0,0,0,0,0,0,0,0,0,0,0,0,0,0,0,0,0,0,0,0,0,0,0,0,0,0

[layer]
type=collision
data=
0,0,0,0,0,0,0,0,0,0,0,0,0,0,0,0,0,0,0,0,0,0,0,0,0,0,
0,0,0,0,0,0,0,0,0,0,0,0,0,0,0,0,0,0,0,0,0,0,0,0,0,0,
0,0,0,0,0,0,0,0,0,0,0,0,0,0,0,0,0,0,0,0,0,0,0,0,0,0,
0,0,0,0,0,0,0,0,0,0,0,0,0,0,0,0,0,0,0,0,0,0,0,0,0,0,
0,0,1,1,1,1,1,1,1,1,1,1,1,1,1,1,1,1,1,1,1,1,1,1,0,0,
0,0,1,0,0,0,1,0,0,1,0,1,0,0,1,0,1,0,0,1,0,0,0,1,0,0,
0,0,1,0,0,0,1,0,0,1,0,1,0,0,1,0,1,0,0,1,0,0,3,1,0,0,
0,0,1,0,0,0,1,1,1,1,0,1,1,1,1,0,1,1,1,1,0,0,0,1,0,0,
0,0,1,0,1,0,0,0,0,0,0,0,0,0,0,0,0,0,0,0,0,0,0,1,0,0,
0,0,1,1,1,0,0,0,0,0,0,0,0,0,0,0,0,0,0,0,0,0,0,1,0,0,
0,0,1,0,0,0,0,0,0,0,0,0,0,0,0,0,0,0,0,0,0,0,0,1,0,0,
0,0,1,0,0,0,0,0,0,0,0,0,0,0,0,0,0,0,0,0,0,0,0,1,0,0,
0,0,1,1,1,1,1,1,1,1,1,1,1,1,1,0,0,0,0,0,0,0,0,1,0,0,
0,0,0,0,0,0,0,0,0,0,0,0,0,0,1,0,0,0,0,0,0,0,0,1,0,0,
0,0,0,0,0,0,0,0,0,0,0,0,0,0,1,0,0,0,0,0,0,0,0,1,0,0,
0,0,0,0,0,0,0,0,0,0,0,0,0,0,1,0,0,0,0,0,0,0,0,1,0,0,
0,0,0,0,0,0,0,0,0,0,0,0,0,0,1,0,0,0,0,0,0,0,0,1,0,0,
0,0,0,0,0,0,0,0,0,0,0,0,0,0,1,0,0,0,0,0,0,0,0,1,0,0,
0,0,0,0,0,0,0,0,0,0,0,0,0,0,1,1,1,1,0,0,1,1,1,1,0,0,
0,0,0,0,0,0,0,0,0,0,0,0,0,0,0,0,0,3,3,3,3,0,0,0,0,0,
0,0,0,0,0,0,0,0,0,0,0,0,0,0,0,0,0,0,0,0,0,0,0,0,0,0

[event]
# Teleport to Laurelia
type=event
location=18,18,2,1
activate=on_trigger
intermap=maps/laurelia.txt,69,98

[event]
# Teleport for Basement
type=event
location=3,8,1,1
activate=on_trigger
intermap=maps/marketbasement.txt,3,8

