[header]
width=26
height=21
tilewidth=32
tileheight=32
orientation=orthogonal
music=music/calmtown.ogg
tileset=tilesetdefs/interior.txt
title=Market Basement

[tilesets]
tileset=../../../tiled/laurelia/tiled_collision.png,32,32,0,0
tileset=../../../tiled/laurelia/interior_background.png,32,32,0,0
tileset=../../../tiled/laurelia/intfurniture.png,32,64,0,0
tileset=../../../tiled/laurelia/interiorbuildings.png,32,128,0,0

[layer]
type=background
data=
0,0,0,0,0,0,0,0,0,0,0,0,0,0,0,0,0,0,0,0,0,0,0,0,0,0,
0,0,0,0,0,0,0,0,0,0,0,0,0,0,0,0,0,0,0,0,0,0,0,0,0,0,
0,0,0,0,0,0,0,0,0,0,0,0,0,0,0,0,0,0,0,0,0,0,0,0,0,0,
0,0,0,0,0,0,0,0,0,0,0,0,0,0,0,0,0,0,0,0,0,0,0,0,0,0,
0,0,0,0,0,0,0,0,0,0,0,0,0,0,0,0,0,0,0,0,0,0,0,0,0,0,
0,0,0,156,156,156,156,156,156,156,156,156,156,156,156,156,156,156,156,156,156,156,156,0,0,0,
0,0,0,156,156,156,156,156,156,156,156,156,156,156,156,156,156,156,156,156,156,156,156,0,0,0,
0,0,0,156,156,156,156,156,156,156,156,156,156,156,156,156,156,156,156,156,156,156,156,0,0,0,
0,0,0,156,156,156,156,156,156,156,156,156,156,156,156,156,156,156,156,156,156,156,156,0,0,0,
0,0,0,156,156,156,156,156,156,156,156,156,156,156,156,156,156,156,156,156,156,156,156,0,0,0,
0,0,0,156,156,156,156,156,156,156,156,156,156,156,156,156,156,156,156,156,156,156,156,0,0,0,
0,0,0,156,156,156,156,156,156,156,156,156,156,156,156,156,156,156,156,156,156,156,156,0,0,0,
0,0,0,0,0,0,0,0,0,0,0,0,0,0,0,156,156,156,156,156,156,156,156,0,0,0,
0,0,0,0,0,0,0,0,0,0,0,0,0,0,0,156,156,156,156,156,156,156,156,0,0,0,
0,0,0,0,0,0,0,0,0,0,0,0,0,0,0,156,156,156,156,156,156,156,156,0,0,0,
0,0,0,0,0,0,0,0,0,0,0,0,0,0,0,156,156,156,156,156,156,156,156,0,0,0,
0,0,0,0,0,0,0,0,0,0,0,0,0,0,0,156,156,156,156,156,156,156,156,0,0,0,
0,0,0,0,0,0,0,0,0,0,0,0,0,0,0,156,156,156,156,156,156,156,156,0,0,0,
0,0,0,0,0,0,0,0,0,0,0,0,0,0,0,0,0,0,0,0,0,0,0,0,0,0,
0,0,0,0,0,0,0,0,0,0,0,0,0,0,0,0,0,0,0,0,0,0,0,0,0,0,
0,0,0,0,0,0,0,0,0,0,0,0,0,0,0,0,0,0,0,0,0,0,0,0,0,0

[layer]
type=object
data=
0,0,0,0,0,0,0,0,0,0,0,0,0,0,0,0,0,0,0,0,0,0,0,0,0,0,
0,0,0,0,0,0,0,0,0,0,0,0,0,0,0,0,0,0,0,0,0,0,0,0,0,0,
0,0,0,0,0,0,0,0,0,0,0,0,0,0,0,0,0,0,0,0,0,0,0,0,0,0,
0,0,0,0,0,0,0,0,0,0,0,0,0,0,0,0,0,0,0,0,0,0,0,0,0,0,
0,0,0,962,963,963,963,963,963,963,963,963,963,963,963,963,963,963,963,963,963,963,964,0,0,0,
0,0,965,0,0,0,0,0,0,0,0,0,0,0,0,0,0,0,0,0,0,0,0,966,0,0,
0,0,965,114,0,0,0,0,0,0,0,0,0,0,0,0,181,181,181,181,720,720,720,966,0,0,
0,0,965,141,0,0,0,0,0,0,0,0,0,0,0,0,181,181,181,181,720,720,720,966,0,0,
0,0,965,168,0,0,0,0,0,0,0,0,0,0,0,0,0,0,950,951,720,720,720,966,0,0,
0,0,965,0,0,0,0,0,0,0,0,0,0,0,0,0,0,0,0,0,0,0,0,966,0,0,
0,0,965,0,0,0,0,0,0,0,0,0,0,0,0,0,0,0,0,209,209,209,209,966,0,0,
0,0,965,962,963,963,963,963,963,963,963,963,963,963,964,0,0,0,0,209,209,209,209,966,0,0,
0,0,0,0,0,0,0,0,0,0,0,0,0,0,0,0,0,0,0,0,0,0,0,966,0,0,
0,0,0,0,0,0,0,0,0,0,0,0,0,0,965,207,207,207,207,182,182,182,182,966,0,0,
0,0,0,0,0,0,0,0,0,0,0,0,0,0,965,207,207,207,207,182,182,182,182,966,0,0,
0,0,0,0,0,0,0,0,0,0,0,0,0,0,965,0,0,0,0,0,0,0,0,966,0,0,
0,0,0,0,0,0,0,0,0,0,0,0,0,0,965,0,0,0,0,0,0,0,0,966,0,0,
0,0,0,0,0,0,0,0,0,0,0,0,0,0,965,962,963,963,963,963,963,963,964,966,0,0,
0,0,0,0,0,0,0,0,0,0,0,0,0,0,0,0,0,0,0,0,0,0,0,0,0,0,
0,0,0,0,0,0,0,0,0,0,0,0,0,0,0,0,0,0,0,0,0,0,0,0,0,0,
0,0,0,0,0,0,0,0,0,0,0,0,0,0,0,0,0,0,0,0,0,0,0,0,0,0

[layer]
type=collision
data=
0,0,0,0,0,0,0,0,0,0,0,0,0,0,0,0,0,0,0,0,0,0,0,0,0,0,
0,0,0,0,0,0,0,0,0,0,0,0,0,0,0,0,0,0,0,0,0,0,0,0,0,0,
0,0,0,0,0,0,0,0,0,0,0,0,0,0,0,0,0,0,0,0,0,0,0,0,0,0,
0,0,0,0,0,0,0,0,0,0,0,0,0,0,0,0,0,0,0,0,0,0,0,0,0,0,
0,0,1,1,1,1,1,1,1,1,1,1,1,1,1,1,1,1,1,1,1,1,1,1,0,0,
0,0,1,0,0,0,0,0,0,0,0,0,0,0,0,0,0,0,0,0,0,0,0,1,0,0,
0,0,1,1,1,0,0,0,0,0,0,0,0,0,0,0,3,3,3,3,3,3,3,1,0,0,
0,0,1,0,1,0,0,0,0,0,0,0,0,0,0,0,3,3,3,3,3,3,3,1,0,0,
0,0,1,0,1,0,0,0,0,0,0,0,0,0,0,0,0,0,1,1,3,3,3,1,0,0,
0,0,1,0,0,0,0,0,0,0,0,0,0,0,0,0,0,0,0,0,0,0,0,1,0,0,
0,0,1,0,0,0,0,0,0,0,0,0,0,0,0,0,0,0,0,3,3,3,3,1,0,0,
0,0,1,1,1,1,1,1,1,1,1,1,1,1,1,0,0,0,0,3,3,3,3,1,0,0,
0,0,0,0,0,0,0,0,0,0,0,0,0,0,1,0,0,0,0,0,0,0,0,1,0,0,
0,0,0,0,0,0,0,0,0,0,0,0,0,0,1,3,3,3,3,3,3,3,3,1,0,0,
0,0,0,0,0,0,0,0,0,0,0,0,0,0,1,3,3,3,3,3,3,3,3,1,0,0,
0,0,0,0,0,0,0,0,0,0,0,0,0,0,1,0,0,0,0,0,0,0,0,1,0,0,
0,0,0,0,0,0,0,0,0,0,0,0,0,0,1,0,0,0,0,0,0,0,0,1,0,0,
0,0,0,0,0,0,0,0,0,0,0,0,0,0,1,1,1,1,1,1,1,1,1,1,0,0,
0,0,0,0,0,0,0,0,0,0,0,0,0,0,0,0,0,0,0,0,0,0,0,0,0,0,
0,0,0,0,0,0,0,0,0,0,0,0,0,0,0,0,0,0,0,0,0,0,0,0,0,0,
0,0,0,0,0,0,0,0,0,0,0,0,0,0,0,0,0,0,0,0,0,0,0,0,0,0

[event]
# Teleport to Market
type=event
location=3,7,1,1
activate=on_trigger
intermap=maps/market.txt,3,7

