[header]
width=32
height=32
tilewidth=32
tileheight=32
orientation=orthogonal
tileset=tilesetdefs/outside.txt
title=Mountain Path

[tilesets]
tileset=../../../tiled/caves/tiled_collision.png,32,32,0,0
tileset=../../../tiled/caves/generic_background.png,32,32,0,0
tileset=../../../tiled/caves/small_objects.png,32,64,0,0
tileset=../../../tiled/caves/outside_objects.png,32,128,0,0

[layer]
type=background
data=
98,98,98,107,110,110,110,107,101,101,101,101,101,101,101,101,46,46,101,101,101,101,101,101,101,101,101,98,98,98,98,98,
98,98,98,107,110,110,110,107,101,101,101,101,101,101,101,101,46,46,101,101,101,101,101,101,101,101,101,98,98,98,98,98,
98,98,98,107,110,110,110,107,101,101,101,101,101,101,98,46,46,46,46,46,98,98,101,101,101,101,101,98,98,98,98,98,
98,98,98,107,110,110,110,107,107,101,101,101,101,98,98,46,46,46,46,46,98,98,101,101,101,101,101,98,98,98,98,98,
98,98,98,107,110,110,110,110,107,107,101,101,101,98,98,46,46,46,46,46,98,98,101,101,101,101,101,101,101,101,101,98,
98,98,98,107,110,110,110,110,110,107,107,101,101,101,101,46,46,46,46,46,101,101,101,101,101,101,101,46,46,46,101,101,
98,98,98,107,107,110,110,110,110,110,107,107,101,101,101,101,101,46,46,46,46,46,46,46,46,46,46,46,46,46,46,101,
98,98,98,98,107,110,110,110,110,110,110,107,101,101,101,98,101,101,46,46,46,46,46,46,101,101,101,101,347,46,46,46,
98,98,98,98,107,107,110,110,110,110,110,107,101,101,98,98,98,101,101,101,101,101,101,101,101,101,101,101,98,107,46,46,
98,98,98,98,98,107,107,110,110,110,107,107,101,101,98,98,98,98,98,98,98,98,98,98,98,98,98,98,98,19,46,46,
98,98,98,98,98,98,107,107,107,107,107,101,101,98,98,98,98,98,98,98,98,98,101,101,101,101,101,101,101,19,46,46,
98,98,98,98,98,98,101,101,101,101,101,101,98,98,98,98,98,98,98,98,98,98,101,101,101,101,101,101,101,19,46,46,
98,98,98,98,98,98,101,101,101,98,98,98,98,347,98,19,19,19,19,19,19,19,19,19,19,19,19,19,19,19,46,46,
347,98,98,98,98,98,101,101,98,98,101,101,101,98,19,19,46,46,46,46,46,46,46,46,46,46,46,46,46,46,46,46,
98,98,98,98,98,98,98,98,98,98,98,98,98,19,19,46,46,46,46,46,46,46,46,46,46,46,46,46,46,46,46,101,
19,98,98,98,98,98,98,98,98,98,19,19,19,19,46,46,46,46,101,101,101,101,101,101,101,101,101,101,101,101,101,101,
19,19,19,98,98,98,98,98,98,19,19,46,46,46,46,46,101,101,101,98,98,98,98,101,101,98,98,98,98,98,101,101,
46,19,19,19,19,19,19,19,19,19,46,46,46,46,46,101,101,101,98,98,107,107,98,98,98,98,107,107,107,98,98,98,
46,46,46,46,46,46,46,46,46,46,46,46,101,101,101,101,98,98,98,107,107,107,107,98,98,107,107,110,107,98,98,98,
46,46,46,46,46,46,46,46,46,46,46,101,101,98,98,98,98,98,98,107,110,110,107,98,98,107,110,110,107,107,98,98,
101,101,101,101,101,101,101,101,101,101,101,101,98,98,98,98,98,98,98,107,107,107,107,98,98,107,107,110,107,107,98,98,
98,98,98,98,98,98,98,98,98,98,98,98,98,98,98,98,98,98,98,98,98,98,98,98,98,98,107,107,107,98,98,98,
98,98,98,98,98,98,98,98,98,98,98,98,98,98,98,98,98,98,98,98,98,98,98,98,98,98,98,98,98,98,98,98,
98,98,98,98,98,98,98,98,98,98,98,98,98,98,98,98,98,98,98,98,98,98,98,98,98,98,98,98,98,98,98,98,
98,98,98,98,98,98,98,98,98,98,98,98,98,98,98,98,98,98,98,98,98,98,98,98,98,98,98,98,98,98,98,98,
98,98,98,98,98,98,98,98,98,98,98,98,98,98,98,98,98,98,98,98,98,98,98,98,98,98,98,98,98,98,98,98,
98,98,98,98,98,98,98,98,98,98,98,98,98,98,98,98,98,98,98,98,98,98,98,98,98,98,98,98,98,98,98,98,
98,98,98,98,98,98,98,98,98,98,98,98,98,98,98,98,98,98,98,98,98,98,98,98,98,98,98,98,98,98,98,98,
98,98,98,98,98,98,98,98,98,98,98,98,98,98,98,98,98,98,98,98,98,98,98,98,98,98,98,98,98,98,98,98,
98,98,98,98,98,98,98,98,98,98,98,98,98,98,98,98,98,98,98,98,98,98,98,98,98,98,98,98,98,98,98,98,
98,98,98,98,98,98,98,98,98,98,98,98,98,98,98,98,98,98,98,98,98,98,98,98,98,98,98,98,98,98,98,98,
98,98,98,98,98,98,98,98,98,98,98,98,98,98,98,98,98,98,98,98,98,98,98,98,98,98,98,98,98,98,98,98

[layer]
type=fringe
data=
0,0,106,109,0,0,0,111,108,0,0,0,0,0,0,346,0,0,348,0,0,0,0,0,0,0,0,0,0,0,0,0,
0,0,106,109,0,0,0,111,108,0,0,0,0,0,319,294,0,0,293,320,321,0,0,0,0,0,0,0,0,0,0,0,
0,0,106,109,0,0,0,111,53,81,0,0,0,0,346,0,0,0,0,0,348,0,0,0,0,0,0,0,0,0,0,0,
0,0,106,109,0,0,0,56,84,53,81,0,0,0,346,0,0,0,0,0,348,0,0,0,0,0,0,0,0,0,0,0,
0,0,106,109,0,0,0,0,56,84,53,81,0,0,346,0,0,0,0,0,348,0,0,0,0,0,319,320,320,320,321,0,
0,0,106,109,0,0,0,0,0,56,84,53,81,0,346,0,0,0,0,0,293,320,320,320,320,320,294,0,0,0,293,321,
0,0,106,136,30,0,0,0,0,0,56,84,108,0,373,374,267,0,0,0,0,0,0,0,0,0,0,0,0,0,0,293,
0,0,133,27,109,0,0,0,0,0,0,111,108,0,0,0,373,267,0,0,0,0,0,0,266,374,374,374,267,0,0,0,
0,0,0,106,136,30,0,0,0,0,0,111,108,0,0,0,0,373,374,374,374,374,374,374,375,0,0,0,346,267,0,0,
0,0,0,133,27,136,30,0,0,0,29,138,108,0,319,320,320,320,320,320,320,320,320,320,320,320,320,320,294,346,0,0,
0,0,0,0,133,27,136,137,137,137,138,26,135,319,294,0,0,0,0,0,0,0,0,0,0,0,0,0,0,0,0,0,
0,0,0,0,0,133,134,134,134,134,134,135,319,294,0,0,0,0,0,0,0,0,0,0,0,0,0,0,0,906,0,0,
320,321,0,0,0,0,0,0,0,319,320,320,294,0,0,913,900,900,900,900,900,900,900,900,900,900,900,900,900,901,0,0,
0,293,320,321,0,0,0,0,319,294,0,0,0,0,913,901,0,0,0,0,0,0,0,0,0,0,0,0,0,0,0,0,
0,0,0,293,320,320,320,320,294,0,0,0,0,913,901,0,0,0,0,0,0,0,0,0,0,0,0,0,0,0,0,266,
912,0,0,0,0,0,0,0,0,0,913,900,900,901,0,0,0,0,266,374,374,374,374,267,266,374,374,374,374,374,267,348,
899,900,912,0,0,0,0,0,0,913,901,0,0,0,0,0,266,374,375,79,80,80,81,373,375,79,80,80,80,81,373,375,
0,0,899,900,900,900,900,900,900,901,0,0,0,0,0,266,375,0,79,54,82,84,53,81,79,54,82,83,84,108,0,0,
0,0,0,0,0,0,0,0,0,0,0,0,266,374,374,375,0,0,106,82,57,56,84,108,106,82,57,0,111,53,81,0,
0,0,0,0,0,0,0,0,0,0,0,266,375,0,0,0,0,0,106,109,0,0,111,108,106,109,0,0,56,84,108,0,
374,374,374,374,374,374,374,374,374,374,374,375,0,0,0,0,0,0,106,136,137,137,138,108,106,136,30,0,29,138,108,0,
0,0,0,0,0,0,0,0,0,0,0,0,0,0,0,0,0,0,133,134,134,134,134,135,133,27,136,137,138,26,135,0,
0,0,0,0,0,0,0,0,0,0,0,0,0,0,0,0,0,0,0,0,0,0,0,0,0,133,134,134,134,135,0,0,
0,0,0,0,0,0,0,0,0,0,0,0,0,0,0,0,0,0,0,0,0,0,0,0,0,0,0,0,0,0,0,0,
0,0,0,0,0,0,0,0,0,0,0,0,0,0,0,0,0,0,0,0,0,0,0,0,0,0,0,0,0,0,0,0,
0,0,0,0,0,0,0,0,0,0,0,0,0,0,0,0,0,0,0,0,0,0,0,0,0,0,0,0,0,0,0,0,
0,0,0,0,0,0,0,0,0,0,0,0,0,0,0,0,0,0,0,0,0,0,0,0,0,0,0,0,0,0,0,0,
0,0,0,0,0,0,0,0,0,0,0,0,0,0,0,0,0,0,0,0,0,0,0,0,0,0,0,0,0,0,0,0,
0,0,0,0,0,0,0,0,0,0,0,0,0,0,0,0,0,0,0,0,0,0,0,0,0,0,0,0,0,0,0,0,
0,0,0,0,0,0,0,0,0,0,0,0,0,0,0,0,0,0,0,0,0,0,0,0,0,0,0,0,0,0,0,0,
0,0,0,0,0,0,0,0,0,0,0,0,0,0,0,0,0,0,0,0,0,0,0,0,0,0,0,0,0,0,0,0,
0,0,0,0,0,0,0,0,0,0,0,0,0,0,0,0,0,0,0,0,0,0,0,0,0,0,0,0,0,0,0,0

[layer]
type=object
data=
0,0,0,0,0,0,0,0,0,0,0,0,0,0,0,0,0,0,0,0,0,0,0,0,0,0,0,0,0,0,0,0,
0,0,0,0,0,0,0,0,0,0,0,0,0,0,0,0,0,0,0,0,0,0,0,0,0,0,0,0,0,0,0,0,
0,0,0,0,0,0,0,0,0,0,0,0,0,0,0,0,0,0,0,0,0,0,0,0,0,0,0,0,0,0,0,0,
0,0,0,0,0,0,0,0,0,0,0,0,0,0,0,0,0,0,0,0,0,0,0,0,0,0,0,0,0,0,0,0,
0,0,0,0,0,0,0,0,0,0,0,0,0,0,0,0,0,0,0,0,0,0,0,0,0,0,0,0,0,0,0,0,
0,0,0,0,0,0,0,0,0,0,0,0,0,0,0,0,0,0,0,0,0,0,0,0,0,0,0,0,0,0,0,0,
0,0,0,0,0,0,0,0,0,0,0,0,0,0,0,0,0,0,0,0,0,0,0,0,0,0,0,0,0,0,0,0,
0,0,0,0,0,0,0,0,0,0,0,0,0,0,0,0,0,0,0,0,0,0,0,0,0,0,0,0,0,0,0,0,
0,0,0,0,0,0,0,0,0,0,0,0,0,0,0,0,0,0,0,0,0,0,0,0,0,0,0,0,0,0,0,0,
0,0,0,0,0,0,0,0,0,0,0,0,0,0,0,0,0,0,0,0,0,0,0,0,0,0,0,0,0,0,0,0,
0,0,0,0,0,0,0,0,0,0,0,0,0,0,0,0,0,0,0,0,0,0,0,0,0,0,0,0,0,0,0,0,
0,0,0,0,0,0,0,0,0,0,0,0,0,0,0,0,0,0,0,0,0,0,0,0,0,0,0,0,0,0,0,0,
0,0,0,0,0,0,0,0,0,0,0,0,0,0,0,0,0,0,0,0,0,0,0,0,0,0,0,0,0,0,0,0,
0,0,0,0,0,0,0,0,0,0,0,0,0,0,0,0,0,0,0,0,0,0,0,0,0,0,0,0,0,0,0,0,
0,0,0,0,0,0,0,0,0,0,0,0,0,0,0,0,0,0,0,0,0,0,0,0,0,0,0,0,0,0,0,0,
0,0,0,0,0,0,0,0,0,0,0,0,0,0,0,0,0,0,0,0,0,0,0,0,0,0,0,0,0,0,0,0,
0,0,0,0,0,0,0,0,0,0,0,0,0,0,0,0,0,0,0,0,0,0,0,0,0,0,0,0,0,0,0,0,
0,0,0,0,0,0,0,0,0,0,0,0,0,0,0,0,0,0,0,0,0,0,0,0,0,0,0,0,0,0,0,0,
0,0,0,0,0,0,0,0,0,0,0,0,0,0,0,0,0,0,0,0,0,0,0,0,0,0,0,0,0,0,0,0,
0,0,0,0,0,0,0,0,0,0,0,0,0,0,0,0,0,0,0,0,0,0,0,0,0,0,0,0,0,0,0,0,
0,0,0,0,0,0,0,0,0,0,0,0,0,0,0,0,0,0,0,0,0,0,0,0,0,0,0,0,0,0,0,0,
0,0,0,0,0,0,0,0,0,0,0,0,0,0,0,0,0,0,0,0,0,0,0,0,0,0,0,0,0,0,0,0,
0,0,0,0,0,0,0,0,0,0,0,0,0,0,0,0,0,0,0,0,0,0,0,0,0,0,0,0,0,0,0,0,
0,0,0,0,0,0,0,0,0,0,0,0,0,0,0,0,0,0,0,0,0,0,0,0,0,0,0,0,0,0,0,0,
0,0,0,0,0,0,0,0,0,0,0,0,0,0,0,0,0,0,0,0,0,0,0,0,0,0,0,0,0,0,0,0,
0,0,0,0,0,0,0,0,0,0,0,0,0,0,0,0,0,0,0,0,0,0,0,0,0,0,0,0,0,0,0,0,
0,0,0,0,0,0,0,0,0,0,0,0,0,0,0,0,0,0,0,0,0,0,0,0,0,0,0,0,0,0,0,0,
0,0,0,0,0,0,0,0,0,0,0,0,0,0,0,0,0,0,0,0,0,0,0,0,0,0,0,0,0,0,0,0,
0,0,0,0,0,0,0,0,0,0,0,0,0,0,0,0,0,0,0,0,0,0,0,0,0,0,0,0,0,0,0,0,
0,0,0,0,0,0,0,0,0,0,0,0,0,0,0,0,0,0,0,0,0,0,0,0,0,0,0,0,0,0,0,0,
0,0,0,0,0,0,0,0,0,0,0,0,0,0,0,0,0,0,0,0,0,0,0,0,0,0,0,0,0,0,0,0,
0,0,0,0,0,0,0,0,0,0,0,0,0,0,0,0,0,0,0,0,0,0,0,0,0,0,0,0,0,0,0,0

[layer]
type=collision
data=
0,0,0,1,3,3,3,1,0,0,0,0,0,0,0,0,0,0,0,0,0,0,0,0,0,0,0,0,0,0,0,0,
0,0,0,1,3,3,3,1,0,0,0,0,0,0,0,0,0,0,0,0,0,0,0,0,0,0,0,0,0,0,0,0,
0,0,0,1,3,3,3,1,0,0,0,0,0,0,0,0,0,0,0,0,0,0,0,0,0,0,0,0,0,0,0,0,
0,0,0,1,3,3,3,1,1,0,0,0,0,0,0,0,0,0,0,0,0,0,0,0,0,0,0,0,0,0,0,0,
0,0,0,1,3,3,3,3,1,1,0,0,0,0,0,0,0,0,0,0,0,0,0,0,0,0,0,0,0,0,0,0,
0,0,0,1,3,3,3,3,3,1,1,0,0,0,0,0,0,0,0,0,0,0,0,0,0,0,0,0,0,0,0,0,
0,0,0,1,1,3,3,3,3,3,1,1,0,0,0,0,0,0,0,0,0,0,0,0,0,0,0,0,0,0,0,0,
0,0,0,0,1,3,3,3,3,3,3,1,0,0,0,0,0,0,0,0,0,0,0,0,0,0,0,0,0,0,0,0,
0,0,0,0,1,1,3,3,3,3,3,1,0,0,0,0,0,0,0,0,0,0,0,0,0,0,0,0,1,1,0,0,
0,0,0,0,0,1,1,3,3,3,1,1,0,0,0,0,0,0,0,0,0,0,0,0,0,0,0,0,1,1,0,0,
0,0,0,0,0,0,1,1,1,1,1,0,0,0,0,1,1,1,1,1,1,1,1,1,1,1,1,1,1,1,0,0,
0,0,0,0,0,0,0,0,0,0,0,0,0,0,1,1,3,3,3,3,3,3,3,3,3,3,3,3,3,1,0,0,
0,0,0,0,0,0,0,0,0,0,0,0,0,1,1,1,1,1,1,1,1,1,1,1,1,1,1,1,1,1,0,0,
1,0,0,0,0,0,0,0,0,0,1,1,1,1,1,1,0,0,0,0,0,0,0,0,0,0,0,0,0,0,0,0,
1,1,1,0,0,0,0,0,0,1,1,3,3,1,1,0,0,0,0,0,0,0,0,0,0,0,0,0,0,0,0,0,
1,3,1,1,1,1,1,1,1,1,1,1,1,1,0,0,0,0,0,0,0,0,0,0,0,0,0,0,0,0,0,0,
1,1,1,3,3,3,3,3,3,1,1,0,0,0,0,0,0,0,0,0,0,0,0,0,0,0,0,0,0,0,0,0,
0,0,1,1,1,1,1,1,1,1,0,0,0,0,0,0,0,0,0,0,1,1,0,0,0,0,1,1,1,0,0,0,
0,0,0,0,0,0,0,0,0,0,0,0,0,0,0,0,0,0,0,1,1,1,1,0,0,1,1,3,1,0,0,0,
0,0,0,0,0,0,0,0,0,0,0,0,0,0,0,0,0,0,0,1,3,3,1,0,0,1,3,3,1,1,0,0,
0,0,0,0,0,0,0,0,0,0,0,0,0,0,0,0,0,0,0,1,1,1,1,0,0,1,1,3,1,1,0,0,
0,0,0,0,0,0,0,0,0,0,0,0,0,0,0,0,0,0,0,0,0,0,0,0,0,0,1,1,1,0,0,0,
0,0,0,0,0,0,0,0,0,0,0,0,0,0,0,0,0,0,0,0,0,0,0,0,0,0,0,0,0,0,0,0,
0,0,0,0,0,0,0,0,0,0,0,0,0,0,0,0,0,0,0,0,0,0,0,0,0,0,0,0,0,0,0,0,
0,0,0,0,0,0,0,0,0,0,0,0,0,0,0,0,0,0,0,0,0,0,0,0,0,0,0,0,0,0,0,0,
0,0,0,0,0,0,0,0,0,0,0,0,0,0,0,0,0,0,0,0,0,0,0,0,0,0,0,0,0,0,0,0,
0,0,0,0,0,0,0,0,0,0,0,0,0,0,0,0,0,0,0,0,0,0,0,0,0,0,0,0,0,0,0,0,
0,0,0,0,0,0,0,0,0,0,0,0,0,0,0,0,0,0,0,0,0,0,0,0,0,0,0,0,0,0,0,0,
0,0,0,0,0,0,0,0,0,0,0,0,0,0,0,0,0,0,0,0,0,0,0,0,0,0,0,0,0,0,0,0,
0,0,0,0,0,0,0,0,0,0,0,0,0,0,0,0,0,0,0,0,0,0,0,0,0,0,0,0,0,0,0,0,
0,0,0,0,0,0,0,0,0,0,0,0,0,0,0,0,0,0,0,0,0,0,0,0,0,0,0,0,0,0,0,0,
0,0,0,0,0,0,0,0,0,0,0,0,0,0,0,0,0,0,0,0,0,0,0,0,0,0,0,0,0,0,0,0

[event]
# Teleport to Volcano
type=event
location=15,0,4,1
activate=on_trigger
intermap=maps/volcano1.txt,16,30

[event]
# Teleport to Laurelia
type=event
location=0,16,1,5
activate=on_trigger
intermap=maps/laurelia.txt,176,71

