[header]
width=20
height=20
music=calmtown.ogg
tileset=interior.txt
title=Small House

[layer]
type=background
data=
541,541,541,541,541,541,541,541,541,541,541,541,541,541,541,541,541,541,541,541,
541,541,541,541,541,541,541,541,541,541,541,541,541,541,541,541,541,541,541,541,
541,541,541,541,541,541,541,541,541,541,541,541,541,541,541,541,541,541,541,541,
541,541,541,541,541,541,541,541,541,541,541,541,541,541,541,541,541,541,541,541,
541,541,541,541,541,541,541,541,541,541,541,541,541,541,541,541,541,541,541,541,
541,541,541,541,541,541,541,541,541,541,541,541,541,541,541,541,541,541,541,541,
541,541,541,541,541,541,541,541,541,541,541,541,541,541,541,541,541,541,541,541,
541,541,541,541,541,541,541,541,541,541,541,541,541,541,541,541,541,541,541,541,
541,541,541,541,541,541,541,541,541,541,541,541,541,541,541,541,541,541,541,541,
541,541,541,541,156,156,156,156,156,156,156,156,156,156,156,156,541,541,541,541,
541,541,541,541,156,156,156,156,156,156,156,156,156,156,156,156,541,541,541,541,
541,541,541,541,507,541,541,541,541,156,156,541,541,541,541,541,541,541,541,541,
541,541,541,541,541,541,541,541,541,156,156,541,541,541,541,541,541,541,541,541,
541,541,541,541,541,541,541,541,541,156,156,541,541,541,541,541,541,541,541,541,
541,541,541,541,541,541,541,541,541,616,616,541,541,541,541,541,541,541,541,541,
541,541,541,541,541,541,541,541,489,541,541,541,541,489,541,541,541,541,541,541,
489,489,489,489,489,489,489,489,489,541,541,541,541,489,541,541,541,541,541,541,
541,541,541,541,541,541,541,541,541,541,541,541,541,489,541,541,541,541,541,541,
541,541,541,541,541,541,541,541,541,541,541,541,541,489,541,541,541,541,541,541,
541,541,541,541,541,541,541,541,541,541,541,541,541,489,541,541,541,541,541,541

[layer]
type=fringe
data=
0,0,0,0,0,0,0,0,0,0,0,0,0,0,0,0,0,0,0,0,
0,0,0,0,0,0,0,0,0,0,0,0,0,0,0,0,0,0,0,0,
0,0,0,0,0,0,0,0,0,0,0,0,0,0,0,0,0,0,0,0,
0,0,0,0,0,0,0,0,0,0,0,0,0,0,0,0,0,0,0,0,
0,0,0,0,0,0,0,0,0,0,0,0,0,0,0,0,0,0,0,0,
0,0,0,0,0,0,0,0,0,0,0,0,0,0,0,0,0,0,0,0,
0,0,0,0,0,0,0,0,0,0,0,0,0,0,0,0,0,0,0,0,
0,0,0,0,0,0,0,0,0,0,0,0,0,0,0,0,0,0,0,0,
0,0,0,0,0,0,0,0,0,0,0,0,0,0,0,0,0,0,0,0,
0,0,0,0,0,0,0,0,0,0,0,0,0,0,0,0,0,0,0,0,
0,0,0,0,0,0,0,0,0,0,0,0,0,0,0,0,0,0,0,0,
0,0,0,0,0,0,0,0,0,0,0,0,0,0,0,0,0,0,0,0,
0,0,0,0,0,0,0,0,0,0,0,0,0,0,0,0,0,0,0,0,
0,0,0,0,0,0,0,0,0,0,0,0,0,0,0,0,0,0,0,0,
0,0,0,0,0,0,0,0,0,0,0,0,0,0,0,0,0,0,0,0,
0,0,0,0,0,0,0,0,542,0,0,0,0,540,0,0,0,0,0,0,
568,568,568,568,568,568,568,568,569,0,0,0,0,540,0,0,0,0,0,0,
0,0,0,0,0,0,0,0,0,0,0,0,0,540,0,0,0,0,0,0,
0,0,0,0,0,0,0,0,0,0,0,0,0,540,0,0,0,0,0,0,
0,0,0,0,0,0,0,0,0,0,0,0,0,540,0,0,0,0,0,0

[layer]
type=object
data=
0,0,0,0,0,0,0,0,0,0,0,0,0,0,0,0,0,0,0,0,
0,0,0,0,0,0,0,0,0,0,0,0,0,0,0,0,0,0,0,0,
0,0,0,0,0,0,0,0,0,0,0,0,0,0,0,0,0,0,0,0,
0,0,0,0,0,0,0,0,0,0,0,0,0,0,0,0,0,0,0,0,
0,0,0,0,0,0,0,0,0,0,0,0,0,0,0,0,0,0,0,0,
0,0,0,0,0,0,0,0,0,0,0,0,0,0,0,0,0,0,0,0,
0,0,0,0,0,0,0,0,0,0,0,0,0,0,0,0,0,0,0,0,
0,0,0,0,0,0,0,0,0,0,0,0,0,0,0,0,0,0,0,0,
0,0,0,0,962,963,963,963,963,963,963,963,963,963,963,964,0,0,0,0,
0,0,0,897,0,0,0,0,0,0,0,0,0,0,0,0,898,0,0,0,
0,0,0,896,999,1000,0,0,0,0,0,0,0,0,909,910,895,0,0,0,
0,0,0,896,0,0,0,0,0,0,0,0,0,0,296,297,895,0,0,0,
0,0,0,896,0,0,0,0,0,0,0,0,0,0,323,324,895,0,0,0,
0,0,0,896,0,0,0,0,0,0,0,0,0,0,0,0,895,0,0,0,
0,0,0,878,879,880,880,879,892,0,0,878,879,880,880,879,892,0,0,0,
0,0,0,0,0,0,0,0,0,489,489,489,489,0,0,0,0,0,0,0,
0,0,0,0,0,0,0,0,0,489,489,489,489,0,0,0,0,0,0,0,
489,489,489,489,489,489,489,489,489,489,489,489,489,0,0,0,0,0,0,0,
489,489,489,489,489,489,489,489,489,489,489,489,489,0,0,0,0,0,0,0,
489,489,489,489,489,489,489,489,489,489,489,489,489,0,0,0,0,0,0,0

[layer]
type=collision
data=
0,0,0,0,0,0,0,0,0,0,0,0,0,0,0,0,0,0,0,0,
0,0,0,0,0,0,0,0,0,0,0,0,0,0,0,0,0,0,0,0,
0,0,0,0,0,0,0,0,0,0,0,0,0,0,0,0,0,0,0,0,
0,0,0,0,0,0,0,0,0,0,0,0,0,0,0,0,0,0,0,0,
0,0,0,0,0,0,0,0,0,0,0,0,0,0,0,0,0,0,0,0,
0,0,0,0,0,0,0,0,0,0,0,0,0,0,0,0,0,0,0,0,
0,0,0,0,0,0,0,0,0,0,0,0,0,0,0,0,0,0,0,0,
0,0,0,0,0,0,0,0,0,0,0,0,0,0,0,0,0,0,0,0,
0,0,0,1,1,1,1,1,1,1,1,1,1,1,1,1,1,0,0,0,
0,0,0,1,3,3,0,0,0,0,0,0,0,0,3,3,1,0,0,0,
0,0,0,1,3,3,0,0,0,0,0,0,0,0,3,3,1,0,0,0,
0,0,0,1,0,0,0,0,0,0,0,0,0,0,0,0,1,0,0,0,
0,0,0,1,0,0,0,0,0,0,0,0,0,0,0,0,1,0,0,0,
0,0,0,1,0,0,0,0,0,0,0,0,0,0,0,0,1,0,0,0,
0,0,0,1,1,1,1,1,1,0,0,1,1,1,1,1,1,0,0,0,
0,0,0,0,0,0,0,0,0,0,0,0,0,0,0,0,0,0,0,0,
0,0,0,0,0,0,0,0,0,0,0,0,0,0,0,0,0,0,0,0,
0,0,0,0,0,0,0,0,0,0,0,0,0,0,0,0,0,0,0,0,
0,0,0,0,0,0,0,0,0,0,0,0,0,0,0,0,0,0,0,0,
0,0,0,0,0,0,0,0,0,0,0,0,0,0,0,0,0,0,0,0

[event]
# Teleport to Laurelia
type=on_trigger
location=9,14,2,1
intermap=laurelia.txt,107,52

