[header]
width=32
height=32
tilewidth=32
tileheight=32
orientation=orthogonal
music=music/snow_about_a_castle.ogg
tileset=tilesetdefs/snowmt.txt
title=Snow Mountain

[tilesets]
tileset=../../../tiled/snowmt/tiled_collision.png,32,32,0,0
tileset=../../../tiled/snowmt/generic_background.png,32,32,0,0
tileset=../../../tiled/snowmt/small_objects.png,32,64,0,0
tileset=../../../tiled/snowmt/outside_objects.png,32,128,0,0

[layer]
type=background
data=
281,281,281,281,281,281,281,281,281,281,281,281,281,281,281,281,281,281,281,281,281,281,281,281,281,281,281,281,281,281,281,281,
281,281,281,281,281,281,281,281,281,281,281,281,281,281,281,281,281,281,281,281,281,281,281,281,281,281,281,281,281,281,281,281,
281,281,281,281,281,281,281,281,281,281,281,281,281,281,281,281,281,281,281,281,281,281,281,281,281,281,281,281,281,281,281,281,
281,281,281,281,281,281,281,281,281,281,281,281,281,281,281,281,281,281,281,281,281,281,281,281,281,281,281,281,281,281,281,281,
281,281,281,281,281,281,281,281,281,281,281,281,281,281,281,281,281,281,281,281,281,281,281,281,281,281,281,281,281,281,281,281,
281,281,281,281,281,281,402,402,402,402,402,402,402,281,281,281,281,281,281,281,281,281,402,402,402,402,402,402,281,281,281,281,
281,281,281,281,281,402,402,402,402,402,402,402,402,402,281,281,281,281,281,281,402,402,402,402,402,402,402,402,402,281,281,281,
281,281,281,281,281,402,402,402,402,402,402,402,402,402,402,392,392,392,392,402,402,402,402,402,402,402,402,402,402,281,281,281,
281,281,281,281,402,402,402,402,402,402,402,402,402,402,402,281,281,281,281,402,402,402,402,402,402,402,402,402,402,281,281,281,
281,281,392,402,402,402,402,402,402,402,402,402,402,402,402,281,281,281,281,402,402,402,402,402,402,402,402,402,402,281,281,281,
281,281,281,402,402,402,402,402,402,402,402,402,402,402,402,281,281,281,281,402,402,402,402,402,402,402,402,402,402,281,281,281,
281,281,281,402,402,402,402,402,402,402,402,402,402,402,402,281,281,281,281,402,402,402,402,402,402,402,402,402,402,281,281,281,
281,281,281,402,402,402,402,402,402,402,402,402,402,402,467,281,281,281,281,402,402,402,402,402,402,402,402,402,402,281,281,281,
281,281,281,466,402,402,402,402,402,402,402,402,402,467,494,281,281,281,281,402,402,402,402,402,402,402,402,402,402,281,281,281,
281,281,281,493,402,402,402,402,402,402,402,402,467,494,281,281,281,281,281,466,402,402,402,402,402,402,402,402,402,281,281,281,
281,281,281,281,466,402,402,402,402,402,402,402,494,281,281,281,281,281,281,493,466,402,402,402,402,402,402,467,359,281,281,281,
281,281,281,281,493,402,402,402,402,402,467,359,281,281,281,281,281,281,281,281,493,359,359,359,359,359,359,494,386,281,281,281,
281,281,281,281,281,359,359,359,359,359,494,386,281,281,281,281,281,281,281,281,281,386,386,386,386,386,386,281,281,281,281,281,
281,281,281,281,281,386,386,386,386,386,281,281,281,281,281,281,281,281,281,281,281,281,281,281,281,281,281,281,281,281,281,281,
281,281,281,281,281,281,281,281,281,281,281,281,281,281,281,281,281,281,281,281,281,281,281,281,281,281,281,281,281,281,281,281,
281,281,281,281,281,281,281,281,281,281,281,281,281,281,281,281,281,281,281,281,281,281,281,281,281,281,281,281,281,281,281,281,
281,281,281,281,281,281,281,281,281,281,281,281,281,281,281,281,281,281,281,281,281,281,281,281,281,281,281,281,281,281,281,281,
281,281,281,281,281,281,281,281,281,281,281,281,281,281,281,281,281,281,281,281,281,281,281,281,281,281,281,281,281,281,281,281,
281,281,281,281,281,281,281,281,281,281,281,281,281,281,281,281,281,281,281,281,281,281,281,281,281,281,281,281,281,281,281,281,
281,281,281,281,281,281,281,281,281,281,281,281,281,281,281,281,281,281,281,281,281,281,281,281,281,281,281,281,281,281,281,281,
281,281,281,281,281,281,281,281,281,281,281,281,281,281,281,281,281,281,281,281,281,281,281,281,281,281,281,281,281,281,281,281,
281,281,281,281,281,281,281,281,281,281,281,281,281,281,281,281,281,281,281,281,281,281,281,281,281,281,281,281,281,281,281,281,
281,281,281,281,281,281,281,281,281,281,281,281,281,281,281,281,281,281,281,281,281,281,281,281,281,281,281,281,281,281,281,281,
281,281,281,281,281,281,281,281,281,281,281,281,281,281,281,281,281,281,281,281,281,281,281,281,281,281,281,281,281,281,281,281,
281,281,281,281,281,281,281,281,281,281,281,281,281,281,281,281,281,281,281,281,281,281,281,281,281,281,281,281,281,281,281,281,
281,281,281,281,281,281,281,281,281,281,281,281,281,281,281,281,281,281,281,281,281,281,281,281,281,281,281,281,281,281,281,281,
281,281,281,281,281,281,281,281,281,281,281,281,281,281,281,281,281,281,281,281,281,281,281,281,281,281,281,281,281,281,281,281

[layer]
type=fringe
data=
0,0,0,0,0,0,0,0,0,0,0,0,0,0,0,0,0,0,0,0,0,0,0,0,0,0,0,0,0,0,0,0,
0,0,0,0,0,0,0,0,0,0,0,0,0,0,0,0,0,0,0,0,0,0,0,0,0,0,0,0,0,0,0,0,
0,0,0,0,0,0,0,0,0,0,0,0,0,0,0,0,0,0,0,0,0,0,0,0,0,0,0,0,0,0,0,0,
0,0,0,0,0,0,0,0,0,0,0,0,0,0,0,0,0,0,0,0,0,0,0,0,0,0,0,0,0,0,0,0,
0,0,0,0,0,301,302,302,302,302,302,302,302,303,0,0,0,0,0,0,0,301,302,302,302,302,302,302,303,0,0,0,
0,0,0,0,301,439,0,0,0,0,0,0,0,440,303,0,0,0,0,301,302,439,0,0,0,0,0,0,440,303,0,0,
0,0,0,0,274,0,0,0,0,0,0,0,0,0,440,303,0,0,301,439,0,0,0,0,0,0,0,0,0,276,0,0,
0,0,0,301,439,0,0,0,0,0,0,0,0,0,391,0,0,0,0,393,0,0,0,0,0,0,0,0,0,276,0,0,
0,0,301,439,0,0,0,0,0,0,0,0,0,0,418,276,0,0,274,420,0,0,0,0,0,0,0,0,0,276,0,0,
0,0,0,393,0,0,0,0,0,0,0,0,0,0,0,276,0,0,274,0,0,0,0,0,0,0,0,0,0,276,0,0,
0,0,274,420,0,0,0,0,0,0,0,0,0,0,0,276,0,0,274,0,0,0,0,0,0,0,0,0,0,276,0,0,
0,0,274,0,0,0,0,0,0,0,0,0,0,0,0,276,0,0,274,0,0,0,0,0,0,0,0,0,0,276,0,0,
0,0,274,0,0,0,0,0,0,0,0,0,0,0,0,360,0,0,274,0,0,0,0,0,0,0,0,0,0,276,0,0,
0,0,358,0,0,0,0,0,0,0,0,0,0,0,360,387,0,0,274,0,0,0,0,0,0,0,0,0,0,276,0,0,
0,0,385,274,0,0,0,0,0,0,0,0,0,360,413,414,0,0,358,0,0,0,0,0,0,0,0,0,0,276,0,0,
0,0,412,413,0,0,0,0,0,0,0,0,276,413,414,0,0,0,385,358,0,0,0,0,0,0,0,0,0,360,0,0,
0,0,0,385,274,0,0,0,0,0,0,0,521,414,0,0,0,0,412,413,358,0,444,0,0,0,0,360,0,387,0,0,
0,0,0,412,520,0,0,0,444,0,0,0,0,0,0,0,0,0,0,412,413,0,444,0,0,0,0,413,413,414,0,0,
0,0,0,0,0,0,0,0,444,0,521,413,0,0,0,0,0,0,0,0,412,413,444,413,413,413,413,414,0,0,0,0,
0,0,0,0,0,413,413,413,444,413,0,0,0,0,0,0,0,0,0,0,0,0,444,0,0,0,0,0,0,0,0,0,
0,0,0,0,0,0,0,0,444,0,0,0,0,0,0,0,0,0,0,0,0,0,444,0,0,0,0,0,0,0,0,0,
0,0,0,0,0,0,0,0,444,0,0,0,0,0,0,0,0,0,0,0,0,0,444,0,0,0,0,0,0,0,0,0,
0,0,0,0,0,0,0,0,444,0,0,0,0,0,0,0,0,0,0,0,0,0,444,0,0,0,0,0,0,0,0,0,
0,0,0,0,0,0,0,0,444,0,0,0,0,0,0,0,0,0,0,0,0,0,444,0,0,0,0,0,0,0,0,0,
0,0,0,0,0,0,0,0,444,0,0,0,0,0,0,0,0,0,0,0,0,0,444,0,0,0,0,0,0,0,0,0,
0,0,0,0,0,0,0,0,444,0,0,0,0,0,0,0,0,0,0,0,0,0,444,0,0,0,0,0,0,0,0,0,
0,0,0,0,0,0,0,0,444,0,0,0,0,0,0,0,0,0,0,0,0,0,444,0,0,0,0,0,0,0,0,0,
0,0,0,0,0,0,0,0,444,0,0,0,0,0,0,0,0,0,0,0,0,0,444,0,0,0,0,0,0,0,0,0,
0,0,0,0,0,0,0,0,444,0,0,0,0,0,0,0,0,0,0,0,0,0,444,0,0,0,0,0,0,0,0,0,
0,0,0,0,0,0,0,0,444,0,0,0,0,0,0,0,0,0,0,0,0,0,444,0,0,0,0,0,0,0,0,0,
0,0,0,0,0,0,0,0,444,0,0,0,0,0,0,0,0,0,0,0,0,0,444,0,0,0,0,0,0,0,0,0,
0,0,0,0,0,0,0,0,471,0,0,0,0,0,0,0,0,0,0,0,0,0,471,0,0,0,0,0,0,0,0,0

[layer]
type=object
data=
0,0,0,0,0,0,0,0,0,0,0,0,0,0,0,0,0,0,0,0,0,0,0,0,0,0,0,0,0,0,0,0,
0,0,0,0,0,0,0,0,0,0,0,0,0,0,0,0,0,0,0,0,0,0,0,0,0,0,0,0,0,0,0,0,
0,0,0,0,0,0,0,0,0,0,0,0,0,0,0,0,0,0,0,0,0,0,0,0,0,0,0,0,0,0,0,0,
0,0,0,0,0,0,0,0,0,0,0,0,0,0,0,0,0,0,0,0,0,0,0,0,0,0,0,0,0,0,0,0,
0,0,0,0,0,0,0,0,0,0,0,0,0,0,0,0,0,0,0,0,0,0,0,0,0,0,0,0,0,0,0,0,
0,0,0,0,0,0,0,0,0,0,0,0,0,0,0,0,0,0,0,0,0,0,0,0,0,0,0,0,0,0,0,0,
0,0,0,0,0,0,0,0,0,0,0,0,0,0,364,365,365,365,365,366,0,0,0,0,0,0,0,0,0,0,0,0,
0,0,0,0,0,0,0,0,0,0,0,0,0,0,0,0,0,0,0,0,0,0,0,0,0,0,0,0,0,0,0,0,
365,365,365,366,0,0,0,0,0,0,0,0,0,0,0,0,0,0,0,0,0,0,0,0,0,0,0,0,0,0,0,0,
392,392,0,0,0,0,0,0,0,0,0,0,0,0,0,0,0,0,0,0,0,0,0,0,0,0,0,0,0,0,0,0,
0,0,0,0,0,0,0,0,0,0,0,0,0,0,0,0,0,0,0,0,0,0,0,0,0,0,0,0,0,0,0,0,
0,0,0,0,0,0,0,0,0,0,0,0,0,0,0,0,0,0,0,0,0,0,0,0,0,0,0,0,0,0,0,0,
0,0,0,0,0,0,0,0,0,0,0,0,0,0,0,360,0,0,0,0,0,0,0,0,0,0,0,0,0,0,0,0,
0,0,358,0,0,0,0,0,0,0,0,0,0,0,360,387,0,0,0,0,0,0,0,0,0,0,0,0,0,0,0,0,
0,0,385,0,0,0,0,0,0,0,0,0,0,360,387,414,0,0,0,0,0,0,0,0,0,0,0,0,0,0,0,0,
0,0,412,358,0,0,0,0,0,0,0,0,0,387,414,0,0,0,0,358,0,0,417,0,0,0,0,0,0,360,0,0,
0,0,0,385,0,0,0,0,417,0,0,0,360,414,0,0,0,0,0,385,358,0,0,0,0,0,0,360,0,387,0,0,
0,0,0,412,358,0,0,0,0,0,360,0,387,0,0,0,0,0,0,412,385,0,0,0,0,0,0,387,0,414,0,0,
0,0,0,0,385,0,0,0,0,0,387,0,414,0,0,0,0,0,0,0,412,0,0,0,0,0,0,414,0,0,0,0,
0,0,0,0,412,0,0,0,0,0,414,0,0,0,0,0,0,0,0,0,0,0,0,0,0,0,0,0,0,0,0,0,
0,0,0,0,0,0,0,0,0,0,0,0,0,0,0,0,0,0,0,0,0,0,0,0,0,0,0,0,0,0,0,0,
0,0,0,0,0,0,0,0,0,0,0,0,0,0,0,0,0,0,0,0,0,0,0,0,0,0,0,0,0,0,0,0,
0,0,0,0,0,0,0,0,0,0,0,0,0,0,0,0,0,0,0,0,0,0,0,0,0,0,0,0,0,0,0,0,
0,0,0,0,0,0,0,0,0,0,0,0,0,0,0,0,0,0,0,0,0,0,0,0,0,0,0,0,0,0,0,0,
0,0,0,0,0,0,0,0,0,0,0,0,0,0,0,0,0,0,0,0,0,0,0,0,0,0,0,0,0,0,0,0,
0,0,0,0,0,0,0,0,0,0,0,0,0,0,0,0,0,0,0,0,0,0,0,0,0,0,0,0,0,0,0,0,
0,0,0,0,0,0,0,0,0,0,0,0,0,0,0,0,0,0,0,0,0,0,0,0,0,0,0,0,0,0,0,0,
0,0,0,0,0,0,0,0,0,0,0,0,0,0,0,0,0,0,0,0,0,0,0,0,0,0,0,0,0,0,0,0,
0,0,0,0,0,0,0,0,0,0,0,0,0,0,0,0,0,0,0,0,0,0,0,0,0,0,0,0,0,0,0,0,
0,0,0,0,0,0,0,0,0,0,0,0,0,0,0,0,0,0,0,0,0,0,0,0,0,0,0,0,0,0,0,0,
0,0,0,0,0,0,0,0,0,0,0,0,0,0,0,0,0,0,0,0,0,0,0,0,0,0,0,0,0,0,0,0,
0,0,0,0,0,0,0,0,0,0,0,0,0,0,0,0,0,0,0,0,0,0,0,0,0,0,0,0,0,0,0,0

[layer]
type=collision
data=
0,0,0,0,0,0,0,0,0,0,0,0,0,0,0,0,0,0,0,0,0,0,0,0,0,0,0,0,0,0,0,0,
0,0,0,0,0,0,0,0,0,0,0,0,0,0,0,0,0,0,0,0,0,0,0,0,0,0,0,0,0,0,0,0,
0,0,0,0,0,0,0,0,0,0,0,0,0,0,0,0,0,0,0,0,0,0,0,0,0,0,0,0,0,0,0,0,
0,0,0,0,0,0,0,0,0,0,0,0,0,0,0,0,0,0,0,0,0,0,0,0,0,0,0,0,0,0,0,0,
0,0,0,0,0,1,1,1,1,1,1,1,1,1,0,0,0,0,0,0,0,1,1,1,1,1,1,1,1,0,0,0,
0,0,0,0,1,1,0,0,0,0,0,0,0,1,1,0,0,0,0,1,1,1,0,0,0,0,0,0,1,1,0,0,
0,0,0,0,1,0,0,0,0,0,0,0,0,0,1,1,1,1,1,1,0,0,0,0,0,0,0,0,0,1,0,0,
0,0,0,1,1,0,0,0,0,0,0,0,0,0,0,0,0,0,0,0,0,0,0,0,0,0,0,0,0,1,0,0,
1,1,1,1,0,0,0,0,0,0,0,0,0,0,0,1,1,1,1,0,0,0,0,0,0,0,0,0,0,1,0,0,
0,0,0,0,0,0,0,0,0,0,0,0,0,0,0,1,0,0,1,0,0,0,0,0,0,0,0,0,0,1,0,0,
1,1,1,0,0,0,0,0,0,0,0,0,0,0,0,1,0,0,1,0,0,0,0,0,0,0,0,0,0,1,0,0,
0,0,1,0,0,0,0,0,0,0,0,0,0,0,0,1,0,0,1,0,0,0,0,0,0,0,0,0,0,1,0,0,
0,0,1,0,0,0,0,0,0,0,0,0,0,0,1,1,0,0,1,0,0,0,0,0,0,0,0,0,0,1,0,0,
0,0,1,1,0,0,0,0,0,0,0,0,0,1,1,0,0,0,1,0,0,0,0,0,0,0,0,0,0,1,0,0,
0,0,0,1,0,0,0,0,0,0,0,0,1,1,0,0,0,0,1,1,0,0,0,0,0,0,0,0,0,1,0,0,
0,0,0,1,1,0,0,0,0,0,0,0,1,0,0,0,0,0,0,1,1,0,0,0,0,0,0,1,1,1,0,0,
0,0,0,0,1,0,0,0,0,0,1,1,1,0,0,0,0,0,0,0,1,1,0,1,1,1,1,1,0,0,0,0,
0,0,0,0,1,1,1,1,0,1,1,0,0,0,0,0,0,0,0,0,0,1,0,1,0,0,0,0,0,0,0,0,
0,0,0,0,0,0,0,1,0,1,0,0,0,0,0,0,0,0,0,0,0,1,0,1,0,0,0,0,0,0,0,0,
0,0,0,0,0,0,0,1,0,1,0,0,0,0,0,0,0,0,0,0,0,1,0,1,0,0,0,0,0,0,0,0,
0,0,0,0,0,0,0,1,0,1,0,0,0,0,0,0,0,0,0,0,0,1,0,1,0,0,0,0,0,0,0,0,
0,0,0,0,0,0,0,1,0,1,0,0,0,0,0,0,0,0,0,0,0,1,0,1,0,0,0,0,0,0,0,0,
0,0,0,0,0,0,0,1,0,1,0,0,0,0,0,0,0,0,0,0,0,1,0,1,0,0,0,0,0,0,0,0,
0,0,0,0,0,0,0,1,0,1,0,0,0,0,0,0,0,0,0,0,0,1,0,1,0,0,0,0,0,0,0,0,
0,0,0,0,0,0,0,1,0,1,0,0,0,0,0,0,0,0,0,0,0,1,0,1,0,0,0,0,0,0,0,0,
0,0,0,0,0,0,0,1,0,1,0,0,0,0,0,0,0,0,0,0,0,1,0,1,0,0,0,0,0,0,0,0,
0,0,0,0,0,0,0,1,0,1,0,0,0,0,0,0,0,0,0,0,0,1,0,1,0,0,0,0,0,0,0,0,
0,0,0,0,0,0,0,1,0,1,0,0,0,0,0,0,0,0,0,0,0,1,0,1,0,0,0,0,0,0,0,0,
0,0,0,0,0,0,0,1,0,1,0,0,0,0,0,0,0,0,0,0,0,1,0,1,0,0,0,0,0,0,0,0,
0,0,0,0,0,0,0,1,0,1,0,0,0,0,0,0,0,0,0,0,0,1,0,1,0,0,0,0,0,0,0,0,
0,0,0,0,0,0,0,1,0,1,0,0,0,0,0,0,0,0,0,0,0,1,0,1,0,0,0,0,0,0,0,0,
0,0,0,0,0,0,0,1,0,1,0,0,0,0,0,0,0,0,0,0,0,1,0,1,0,0,0,0,0,0,0,0

[enemy]
# 2 Skeletons
type=enemy
location=8,5,5,9
category=skeleton
level=1,1
number=2,2

[enemy]
# 2 Skeleton Mages
type=enemy
location=22,5,6,10
category=skeletonmage
level=2,2
number=2,2,

[event]
# Teleport to Snow1
type=event
location=0,9,1,1
activate=on_trigger
intermap=maps/snow1.txt,30,9

[event]
# Teleport to Snow3
type=event
location=8,31,1,1
activate=on_trigger
intermap=maps/snow3.txt,6,1

[event]
# Teleport to Snow3
type=event
location=22,31,1,1
activate=on_trigger
intermap=maps/snow3.txt,20,1

