[header]
width=30
height=17
music=music/calmtown.ogg
tileset=tilesetdefs/interior.txt
title=Tavern

[layer]
type=background
data=
541,541,541,541,541,541,541,541,541,541,541,541,541,541,541,541,541,541,541,541,541,541,541,541,541,541,541,541,541,541,
541,541,541,541,541,541,541,541,541,541,541,541,541,541,541,541,541,541,541,541,541,541,541,541,541,541,541,541,541,541,
541,541,541,541,541,541,541,541,541,541,541,541,541,541,541,541,541,541,541,541,541,541,541,541,541,541,541,541,541,541,
541,541,541,541,541,541,541,541,541,541,541,541,541,541,541,541,541,541,541,541,541,541,541,541,541,541,541,541,541,541,
541,541,541,541,541,541,541,541,541,541,541,541,541,541,541,541,541,541,541,541,541,541,541,541,541,541,541,541,541,541,
541,541,541,156,156,156,156,156,156,156,156,156,156,156,156,156,156,156,156,156,156,156,156,156,156,156,156,541,541,541,
541,541,541,156,156,156,156,156,156,156,156,156,156,156,156,156,156,156,156,156,156,156,156,156,156,156,156,541,541,541,
541,541,541,156,156,156,156,156,156,156,156,156,156,156,156,156,156,156,156,156,156,156,156,156,156,156,156,541,541,541,
541,541,541,156,156,156,156,156,156,156,156,156,156,156,156,156,156,156,156,156,156,156,156,156,156,156,156,541,541,541,
541,541,541,156,156,156,156,156,156,156,156,156,156,156,156,156,156,156,156,156,156,156,156,156,156,156,156,541,541,541,
541,541,541,156,156,156,156,156,156,156,156,156,156,156,156,156,156,156,156,156,156,156,156,156,156,156,156,541,541,541,
541,541,541,156,156,156,156,156,156,156,156,156,156,156,156,156,156,156,156,156,156,156,156,156,156,156,156,541,541,541,
541,541,541,156,156,156,156,156,156,156,156,156,156,156,156,156,156,156,156,156,156,156,156,156,156,156,156,541,541,541,
541,541,541,156,156,156,156,541,541,541,541,541,541,541,541,541,541,541,541,541,541,541,156,156,156,156,156,541,541,541,
541,541,541,541,541,541,541,541,541,541,541,541,541,541,541,541,541,541,541,541,541,541,541,541,541,541,541,541,541,541,
541,541,541,541,541,541,541,541,541,541,541,541,541,541,541,541,541,541,541,541,541,541,541,541,541,541,541,541,541,541,
541,541,541,541,541,541,541,541,541,541,541,541,541,541,541,541,541,541,541,541,541,541,541,541,541,541,541,541,541,541

[layer]
type=object
data=
0,0,0,0,0,0,0,0,0,0,0,0,0,0,0,0,0,0,0,0,0,0,0,0,0,0,0,0,0,0,
0,0,0,0,0,0,0,0,0,0,0,0,0,0,0,0,0,0,0,0,0,0,0,0,0,0,0,0,0,0,
0,0,0,0,0,0,0,0,0,0,0,0,0,0,0,0,0,0,0,0,0,0,0,0,0,0,0,0,0,0,
0,0,0,0,0,0,0,0,0,0,0,0,0,0,0,0,0,0,0,0,0,0,0,0,0,0,0,0,0,0,
0,0,0,962,963,963,963,963,963,963,963,963,963,963,963,963,963,963,963,963,963,963,963,963,963,963,964,0,0,0,
0,0,897,0,0,0,0,0,0,0,0,0,0,0,0,0,0,0,0,0,0,0,955,955,955,955,955,898,0,0,
0,0,896,0,0,195,194,0,0,195,194,0,0,195,0,0,194,0,0,195,0,0,0,0,0,0,0,895,0,0,
0,0,896,802,803,195,194,802,803,195,194,802,803,195,0,0,194,802,803,195,0,0,0,0,0,0,0,895,0,0,
0,0,896,0,0,0,0,0,0,0,0,0,0,0,0,0,0,0,0,0,0,0,765,769,769,769,770,895,0,0,
0,0,896,822,823,0,0,822,823,0,0,822,823,0,0,0,0,822,823,0,0,0,825,0,0,0,0,895,0,0,
0,0,896,0,0,0,0,0,0,0,0,0,0,0,0,0,0,0,0,0,0,0,0,0,0,0,0,895,0,0,
0,0,896,0,0,0,0,0,0,0,0,0,0,0,0,0,0,0,0,0,0,0,0,0,0,0,0,895,0,0,
0,0,896,0,0,0,0,936,921,921,922,922,921,923,0,0,928,921,922,922,921,921,935,0,0,0,0,895,0,0,
0,0,896,0,0,0,0,895,0,0,0,0,0,0,0,0,0,0,0,0,0,0,896,0,0,0,0,895,0,0,
0,0,920,921,921,921,921,934,0,0,0,0,0,0,0,0,0,0,0,0,0,0,920,921,921,921,921,934,0,0,
0,0,0,0,0,0,0,0,0,0,0,0,0,0,0,0,0,0,0,0,0,0,0,0,0,0,0,0,0,0,
0,0,0,0,0,0,0,0,0,0,0,0,0,0,0,0,0,0,0,0,0,0,0,0,0,0,0,0,0,0

[layer]
type=collision
data=
0,0,0,0,0,0,0,0,0,0,0,0,0,0,0,0,0,0,0,0,0,0,0,0,0,0,0,0,0,0,
0,0,0,0,0,0,0,0,0,0,0,0,0,0,0,0,0,0,0,0,0,0,0,0,0,0,0,0,0,0,
0,0,0,0,0,0,0,0,0,0,0,0,0,0,0,0,0,0,0,0,0,0,0,0,0,0,0,0,0,0,
0,0,0,0,0,0,0,0,0,0,0,0,0,0,0,0,0,0,0,0,0,0,0,0,0,0,0,0,0,0,
0,0,1,1,1,1,1,1,1,1,1,1,1,1,1,1,1,1,1,1,1,1,1,1,1,1,1,1,0,0,
0,0,1,0,0,0,0,0,0,0,0,0,0,0,0,0,0,0,0,0,0,0,3,3,3,3,3,1,0,0,
0,0,1,1,1,4,4,1,1,4,4,1,1,4,0,0,4,1,1,4,0,0,0,0,0,0,0,1,0,0,
0,0,1,1,1,4,4,1,1,4,4,1,1,4,0,0,4,1,1,4,0,0,0,0,0,0,0,1,0,0,
0,0,1,1,1,0,0,1,1,0,0,1,1,0,0,0,0,1,1,0,0,0,1,1,1,1,1,1,0,0,
0,0,1,0,0,0,0,0,0,0,0,0,0,0,0,0,0,0,0,0,0,0,1,0,0,0,0,1,0,0,
0,0,1,0,0,0,0,0,0,0,0,0,0,0,0,0,0,0,0,0,0,0,1,0,0,0,0,1,0,0,
0,0,1,0,0,0,0,0,0,0,0,0,0,0,0,0,0,0,0,0,0,0,1,0,0,0,0,1,0,0,
0,0,1,0,0,0,0,1,1,1,1,1,1,1,0,0,1,1,1,1,1,1,1,0,0,0,0,1,0,0,
0,0,1,0,0,0,0,1,0,0,0,0,0,3,3,3,3,0,0,0,0,0,1,0,0,0,0,1,0,0,
0,0,1,1,1,1,1,1,0,0,0,0,0,0,0,0,0,0,0,0,0,0,1,1,1,1,1,1,0,0,
0,0,0,0,0,0,0,0,0,0,0,0,0,0,0,0,0,0,0,0,0,0,0,0,0,0,0,0,0,0,
0,0,0,0,0,0,0,0,0,0,0,0,0,0,0,0,0,0,0,0,0,0,0,0,0,0,0,0,0,0

[event]
# Teleport to Laurelia
type=on_trigger
location=14,12,2,1
intermap=laurelia.txt,83,81

[npc]
# Barman
type=barman
location=24,9,1,1

