
image=images/enemies/bee.png

[stance]
frames=3
duration=3
type=back_forth
frame=0,0,48,0,16,30,6,25
frame=0,1,48,30,16,30,6,25
frame=0,2,0,0,24,30,12,25
frame=0,3,24,0,24,30,12,25
frame=0,4,0,30,24,30,12,25
frame=0,5,48,60,16,30,9,25
frame=0,6,48,60,16,30,9,25
frame=0,7,24,30,24,30,12,25
frame=1,0,0,221,15,30,6,24
frame=1,1,15,222,15,30,6,24
frame=1,2,0,129,22,30,11,24
frame=1,3,22,130,22,30,11,24
frame=1,4,0,159,22,30,11,24
frame=1,5,0,251,15,30,8,24
frame=1,6,0,251,15,30,8,24
frame=1,7,22,160,22,30,11,24
frame=2,0,30,250,15,29,6,23
frame=2,1,15,252,15,29,6,23
frame=2,2,44,134,20,29,10,23
frame=2,3,44,163,20,29,10,23
frame=2,4,44,192,20,29,10,23
frame=2,5,45,250,15,29,8,23
frame=2,6,45,250,15,29,8,23
frame=2,7,44,221,20,29,10,23

[run]
frames=3
duration=3
type=back_forth
frame=0,0,48,0,16,30,6,25
frame=0,1,48,30,16,30,6,25
frame=0,2,0,0,24,30,12,25
frame=0,3,24,0,24,30,12,25
frame=0,4,0,30,24,30,12,25
frame=0,5,48,60,16,30,9,25
frame=0,6,48,60,16,30,9,25
frame=0,7,24,30,24,30,12,25
frame=1,0,0,221,15,30,6,24
frame=1,1,15,222,15,30,6,24
frame=1,2,0,129,22,30,11,24
frame=1,3,22,130,22,30,11,24
frame=1,4,0,159,22,30,11,24
frame=1,5,0,251,15,30,8,24
frame=1,6,0,251,15,30,8,24
frame=1,7,22,160,22,30,11,24
frame=2,0,30,250,15,29,6,23
frame=2,1,15,252,15,29,6,23
frame=2,2,44,134,20,29,10,23
frame=2,3,44,163,20,29,10,23
frame=2,4,44,192,20,29,10,23
frame=2,5,45,250,15,29,8,23
frame=2,6,45,250,15,29,8,23
frame=2,7,44,221,20,29,10,23

[ranged]
frames=3
duration=3
type=back_forth
frame=0,0,48,0,16,30,6,25
frame=0,1,48,30,16,30,6,25
frame=0,2,0,0,24,30,12,25
frame=0,3,24,0,24,30,12,25
frame=0,4,0,30,24,30,12,25
frame=0,5,48,60,16,30,9,25
frame=0,6,48,60,16,30,9,25
frame=0,7,24,30,24,30,12,25
frame=1,0,0,221,15,30,6,24
frame=1,1,15,222,15,30,6,24
frame=1,2,0,129,22,30,11,24
frame=1,3,22,130,22,30,11,24
frame=1,4,0,159,22,30,11,24
frame=1,5,0,251,15,30,8,24
frame=1,6,0,251,15,30,8,24
frame=1,7,22,160,22,30,11,24
frame=2,0,30,250,15,29,6,23
frame=2,1,15,252,15,29,6,23
frame=2,2,44,134,20,29,10,23
frame=2,3,44,163,20,29,10,23
frame=2,4,44,192,20,29,10,23
frame=2,5,45,250,15,29,8,23
frame=2,6,45,250,15,29,8,23
frame=2,7,44,221,20,29,10,23

[ment]
frames=3
duration=3
type=back_forth
frame=0,0,48,0,16,30,6,25
frame=0,1,48,30,16,30,6,25
frame=0,2,0,0,24,30,12,25
frame=0,3,24,0,24,30,12,25
frame=0,4,0,30,24,30,12,25
frame=0,5,48,60,16,30,9,25
frame=0,6,48,60,16,30,9,25
frame=0,7,24,30,24,30,12,25
frame=1,0,0,221,15,30,6,24
frame=1,1,15,222,15,30,6,24
frame=1,2,0,129,22,30,11,24
frame=1,3,22,130,22,30,11,24
frame=1,4,0,159,22,30,11,24
frame=1,5,0,251,15,30,8,24
frame=1,6,0,251,15,30,8,24
frame=1,7,22,160,22,30,11,24
frame=2,0,30,250,15,29,6,23
frame=2,1,15,252,15,29,6,23
frame=2,2,44,134,20,29,10,23
frame=2,3,44,163,20,29,10,23
frame=2,4,44,192,20,29,10,23
frame=2,5,45,250,15,29,8,23
frame=2,6,45,250,15,29,8,23
frame=2,7,44,221,20,29,10,23

[die]
frames=3
duration=3
type=play_once
frame=0,0,48,90,16,22,6,25
frame=0,1,48,90,16,22,6,25
frame=0,2,0,60,24,23,12,25
frame=0,3,0,60,24,23,12,25
frame=0,4,0,60,24,23,12,25
frame=0,5,47,112,16,22,9,25
frame=0,6,47,112,16,22,9,25
frame=0,7,24,60,24,23,12,25
frame=1,0,0,189,22,16,6,16
frame=1,1,22,190,22,16,6,16
frame=1,2,0,83,24,23,11,17
frame=1,3,24,83,24,23,11,17
frame=1,4,24,83,24,23,11,17
frame=1,5,0,205,22,16,14,16
frame=1,6,22,206,22,16,14,16
frame=1,7,24,106,23,24,7,22
frame=2,0,0,106,24,23,12,17
frame=2,1,0,106,24,23,12,17
frame=2,2,0,106,24,23,12,17
frame=2,3,0,106,24,23,12,17
frame=2,4,0,106,24,23,12,17
frame=2,5,0,106,24,23,12,17
frame=2,6,0,106,24,23,12,17
frame=2,7,0,106,24,23,12,17

[melee]
frames=3
duration=3
type=back_forth
frame=0,0,48,0,16,30,6,25
frame=0,1,48,30,16,30,6,25
frame=0,2,0,0,24,30,12,25
frame=0,3,24,0,24,30,12,25
frame=0,4,0,30,24,30,12,25
frame=0,5,48,60,16,30,9,25
frame=0,6,48,60,16,30,9,25
frame=0,7,24,30,24,30,12,25
frame=1,0,0,221,15,30,6,24
frame=1,1,15,222,15,30,6,24
frame=1,2,0,129,22,30,11,24
frame=1,3,22,130,22,30,11,24
frame=1,4,0,159,22,30,11,24
frame=1,5,0,251,15,30,8,24
frame=1,6,0,251,15,30,8,24
frame=1,7,22,160,22,30,11,24
frame=2,0,30,250,15,29,6,23
frame=2,1,15,252,15,29,6,23
frame=2,2,44,134,20,29,10,23
frame=2,3,44,163,20,29,10,23
frame=2,4,44,192,20,29,10,23
frame=2,5,45,250,15,29,8,23
frame=2,6,45,250,15,29,8,23
frame=2,7,44,221,20,29,10,23

[critdie]
frames=3
duration=3
type=play_once
frame=0,0,48,90,16,22,6,25
frame=0,1,48,90,16,22,6,25
frame=0,2,0,60,24,23,12,25
frame=0,3,0,60,24,23,12,25
frame=0,4,0,60,24,23,12,25
frame=0,5,47,112,16,22,9,25
frame=0,6,47,112,16,22,9,25
frame=0,7,24,60,24,23,12,25
frame=1,0,0,189,22,16,6,16
frame=1,1,22,190,22,16,6,16
frame=1,2,0,83,24,23,11,17
frame=1,3,24,83,24,23,11,17
frame=1,4,24,83,24,23,11,17
frame=1,5,0,205,22,16,14,16
frame=1,6,22,206,22,16,14,16
frame=1,7,24,106,23,24,7,22
frame=2,0,0,106,24,23,12,17
frame=2,1,0,106,24,23,12,17
frame=2,2,0,106,24,23,12,17
frame=2,3,0,106,24,23,12,17
frame=2,4,0,106,24,23,12,17
frame=2,5,0,106,24,23,12,17
frame=2,6,0,106,24,23,12,17
frame=2,7,0,106,24,23,12,17

[hit]
frames=1
duration=3
type=play_once
frame=0,0,48,90,16,22,6,25
frame=0,1,48,90,16,22,6,25
frame=0,2,0,60,24,23,12,25
frame=0,3,0,60,24,23,12,25
frame=0,4,0,60,24,23,12,25
frame=0,5,47,112,16,22,9,25
frame=0,6,47,112,16,22,9,25
frame=0,7,24,60,24,23,12,25

[block]
frames=3
duration=3
type=back_forth
frame=0,0,48,0,16,30,6,25
frame=0,1,48,30,16,30,6,25
frame=0,2,0,0,24,30,12,25
frame=0,3,24,0,24,30,12,25
frame=0,4,0,30,24,30,12,25
frame=0,5,48,60,16,30,9,25
frame=0,6,48,60,16,30,9,25
frame=0,7,24,30,24,30,12,25
frame=1,0,0,221,15,30,6,24
frame=1,1,15,222,15,30,6,24
frame=1,2,0,129,22,30,11,24
frame=1,3,22,130,22,30,11,24
frame=1,4,0,159,22,30,11,24
frame=1,5,0,251,15,30,8,24
frame=1,6,0,251,15,30,8,24
frame=1,7,22,160,22,30,11,24
frame=2,0,30,250,15,29,6,23
frame=2,1,15,252,15,29,6,23
frame=2,2,44,134,20,29,10,23
frame=2,3,44,163,20,29,10,23
frame=2,4,44,192,20,29,10,23
frame=2,5,45,250,15,29,8,23
frame=2,6,45,250,15,29,8,23
frame=2,7,44,221,20,29,10,23
