
image=images/enemies/big_worm.png

[stance]
frames=3
duration=3
type=back_forth
frame=0,0,33,119,30,48,15,44
frame=0,1,33,167,30,48,15,44
frame=0,2,0,263,31,46,16,43
frame=0,3,31,263,31,46,16,43
frame=0,4,0,263,31,46,16,43
frame=0,5,33,215,30,48,16,44
frame=0,6,33,215,30,48,16,44
frame=0,7,0,309,31,46,16,43
frame=1,0,31,355,31,45,16,40
frame=1,1,31,400,31,45,16,40
frame=1,2,0,87,33,44,17,40
frame=1,3,0,131,33,44,17,40
frame=1,4,0,175,33,44,17,40
frame=1,5,0,401,31,45,16,40
frame=1,6,0,401,31,45,16,40
frame=1,7,0,219,33,44,17,40
frame=2,0,34,29,29,45,14,39
frame=2,1,34,74,29,45,14,39
frame=2,2,0,494,29,44,15,39
frame=2,3,0,538,29,44,15,39
frame=2,4,0,494,29,44,15,39
frame=2,5,30,493,29,45,16,39
frame=2,6,30,493,29,45,16,39
frame=2,7,0,582,29,44,15,39

[run]
frames=3
duration=3
type=back_forth
frame=0,0,33,119,30,48,15,44
frame=0,1,33,167,30,48,15,44
frame=0,2,0,263,31,46,16,43
frame=0,3,31,263,31,46,16,43
frame=0,4,0,263,31,46,16,43
frame=0,5,33,215,30,48,16,44
frame=0,6,33,215,30,48,16,44
frame=0,7,0,309,31,46,16,43
frame=1,0,31,355,31,45,16,40
frame=1,1,31,400,31,45,16,40
frame=1,2,0,87,33,44,17,40
frame=1,3,0,131,33,44,17,40
frame=1,4,0,175,33,44,17,40
frame=1,5,0,401,31,45,16,40
frame=1,6,0,401,31,45,16,40
frame=1,7,0,219,33,44,17,40
frame=2,0,34,29,29,45,14,39
frame=2,1,34,74,29,45,14,39
frame=2,2,0,494,29,44,15,39
frame=2,3,0,538,29,44,15,39
frame=2,4,0,494,29,44,15,39
frame=2,5,30,493,29,45,16,39
frame=2,6,30,493,29,45,16,39
frame=2,7,0,582,29,44,15,39

[ranged]
frames=3
duration=3
type=back_forth
frame=0,0,33,119,30,48,15,44
frame=0,1,33,167,30,48,15,44
frame=0,2,0,263,31,46,16,43
frame=0,3,31,263,31,46,16,43
frame=0,4,0,263,31,46,16,43
frame=0,5,33,215,30,48,16,44
frame=0,6,33,215,30,48,16,44
frame=0,7,0,309,31,46,16,43
frame=1,0,31,355,31,45,16,40
frame=1,1,31,400,31,45,16,40
frame=1,2,0,87,33,44,17,40
frame=1,3,0,131,33,44,17,40
frame=1,4,0,175,33,44,17,40
frame=1,5,0,401,31,45,16,40
frame=1,6,0,401,31,45,16,40
frame=1,7,0,219,33,44,17,40
frame=2,0,34,29,29,45,14,39
frame=2,1,34,74,29,45,14,39
frame=2,2,0,494,29,44,15,39
frame=2,3,0,538,29,44,15,39
frame=2,4,0,494,29,44,15,39
frame=2,5,30,493,29,45,16,39
frame=2,6,30,493,29,45,16,39
frame=2,7,0,582,29,44,15,39

[ment]
frames=3
duration=3
type=back_forth
frame=0,0,33,119,30,48,15,44
frame=0,1,33,167,30,48,15,44
frame=0,2,0,263,31,46,16,43
frame=0,3,31,263,31,46,16,43
frame=0,4,0,263,31,46,16,43
frame=0,5,33,215,30,48,16,44
frame=0,6,33,215,30,48,16,44
frame=0,7,0,309,31,46,16,43
frame=1,0,31,355,31,45,16,40
frame=1,1,31,400,31,45,16,40
frame=1,2,0,87,33,44,17,40
frame=1,3,0,131,33,44,17,40
frame=1,4,0,175,33,44,17,40
frame=1,5,0,401,31,45,16,40
frame=1,6,0,401,31,45,16,40
frame=1,7,0,219,33,44,17,40
frame=2,0,34,29,29,45,14,39
frame=2,1,34,74,29,45,14,39
frame=2,2,0,494,29,44,15,39
frame=2,3,0,538,29,44,15,39
frame=2,4,0,494,29,44,15,39
frame=2,5,30,493,29,45,16,39
frame=2,6,30,493,29,45,16,39
frame=2,7,0,582,29,44,15,39

[die]
frames=3
duration=3
type=play_once
frame=0,0,31,445,30,48,15,44
frame=0,1,31,445,30,48,15,44
frame=0,2,31,309,31,46,16,43
frame=0,3,31,309,31,46,16,43
frame=0,4,31,309,31,46,16,43
frame=0,5,0,446,30,48,16,44
frame=0,6,0,446,30,48,16,44
frame=0,7,0,355,31,46,16,43
frame=1,0,0,29,34,29,17,36
frame=1,1,0,29,34,29,17,36
frame=1,2,29,538,29,44,15,42
frame=1,3,29,538,29,44,15,42
frame=1,4,29,538,29,44,15,42
frame=1,5,0,0,35,29,18,34
frame=1,6,0,0,35,29,18,34
frame=1,7,0,58,34,29,17,36
frame=2,0,29,582,29,44,14,42
frame=2,1,29,582,29,44,14,42
frame=2,2,29,582,29,44,14,42
frame=2,3,29,582,29,44,14,42
frame=2,4,29,582,29,44,14,42
frame=2,5,29,582,29,44,14,42
frame=2,6,29,582,29,44,14,42
frame=2,7,29,582,29,44,14,42

[melee]
frames=3
duration=3
type=back_forth
frame=0,0,33,119,30,48,15,44
frame=0,1,33,167,30,48,15,44
frame=0,2,0,263,31,46,16,43
frame=0,3,31,263,31,46,16,43
frame=0,4,0,263,31,46,16,43
frame=0,5,33,215,30,48,16,44
frame=0,6,33,215,30,48,16,44
frame=0,7,0,309,31,46,16,43
frame=1,0,31,355,31,45,16,40
frame=1,1,31,400,31,45,16,40
frame=1,2,0,87,33,44,17,40
frame=1,3,0,131,33,44,17,40
frame=1,4,0,175,33,44,17,40
frame=1,5,0,401,31,45,16,40
frame=1,6,0,401,31,45,16,40
frame=1,7,0,219,33,44,17,40
frame=2,0,34,29,29,45,14,39
frame=2,1,34,74,29,45,14,39
frame=2,2,0,494,29,44,15,39
frame=2,3,0,538,29,44,15,39
frame=2,4,0,494,29,44,15,39
frame=2,5,30,493,29,45,16,39
frame=2,6,30,493,29,45,16,39
frame=2,7,0,582,29,44,15,39

[critdie]
frames=3
duration=3
type=play_once
frame=0,0,31,445,30,48,15,44
frame=0,1,31,445,30,48,15,44
frame=0,2,31,309,31,46,16,43
frame=0,3,31,309,31,46,16,43
frame=0,4,31,309,31,46,16,43
frame=0,5,0,446,30,48,16,44
frame=0,6,0,446,30,48,16,44
frame=0,7,0,355,31,46,16,43
frame=1,0,0,29,34,29,17,36
frame=1,1,0,29,34,29,17,36
frame=1,2,29,538,29,44,15,42
frame=1,3,29,538,29,44,15,42
frame=1,4,29,538,29,44,15,42
frame=1,5,0,0,35,29,18,34
frame=1,6,0,0,35,29,18,34
frame=1,7,0,58,34,29,17,36
frame=2,0,29,582,29,44,14,42
frame=2,1,29,582,29,44,14,42
frame=2,2,29,582,29,44,14,42
frame=2,3,29,582,29,44,14,42
frame=2,4,29,582,29,44,14,42
frame=2,5,29,582,29,44,14,42
frame=2,6,29,582,29,44,14,42
frame=2,7,29,582,29,44,14,42

[hit]
frames=1
duration=3
type=play_once
frame=0,0,31,445,30,48,15,44
frame=0,1,31,445,30,48,15,44
frame=0,2,31,309,31,46,16,43
frame=0,3,31,309,31,46,16,43
frame=0,4,31,309,31,46,16,43
frame=0,5,0,446,30,48,16,44
frame=0,6,0,446,30,48,16,44
frame=0,7,0,355,31,46,16,43

[block]
frames=3
duration=3
type=back_forth
frame=0,0,33,119,30,48,15,44
frame=0,1,33,167,30,48,15,44
frame=0,2,0,263,31,46,16,43
frame=0,3,31,263,31,46,16,43
frame=0,4,0,263,31,46,16,43
frame=0,5,33,215,30,48,16,44
frame=0,6,33,215,30,48,16,44
frame=0,7,0,309,31,46,16,43
frame=1,0,31,355,31,45,16,40
frame=1,1,31,400,31,45,16,40
frame=1,2,0,87,33,44,17,40
frame=1,3,0,131,33,44,17,40
frame=1,4,0,175,33,44,17,40
frame=1,5,0,401,31,45,16,40
frame=1,6,0,401,31,45,16,40
frame=1,7,0,219,33,44,17,40
frame=2,0,34,29,29,45,14,39
frame=2,1,34,74,29,45,14,39
frame=2,2,0,494,29,44,15,39
frame=2,3,0,538,29,44,15,39
frame=2,4,0,494,29,44,15,39
frame=2,5,30,493,29,45,16,39
frame=2,6,30,493,29,45,16,39
frame=2,7,0,582,29,44,15,39
