
image=images/enemies/bomb.png

[stance]
frames=1
duration=3
type=back_forth
frame=0,0,0,17,24,31,12,25
frame=0,1,0,17,24,31,12,25
frame=0,2,0,17,24,31,12,25
frame=0,3,0,17,24,31,12,25
frame=0,4,0,17,24,31,12,25
frame=0,5,0,17,24,31,12,25
frame=0,6,0,17,24,31,12,25
frame=0,7,0,17,24,31,12,25

[spawn]
frames=1
duration=3
type=back_forth
frame=0,0,0,17,24,31,12,25
frame=0,1,0,17,24,31,12,25
frame=0,2,0,17,24,31,12,25
frame=0,3,0,17,24,31,12,25
frame=0,4,0,17,24,31,12,25
frame=0,5,0,17,24,31,12,25
frame=0,6,0,17,24,31,12,25
frame=0,7,0,17,24,31,12,25

[run]
frames=1
duration=3
type=back_forth
frame=0,0,0,17,24,31,12,25
frame=0,1,0,17,24,31,12,25
frame=0,2,0,17,24,31,12,25
frame=0,3,0,17,24,31,12,25
frame=0,4,0,17,24,31,12,25
frame=0,5,0,17,24,31,12,25
frame=0,6,0,17,24,31,12,25
frame=0,7,0,17,24,31,12,25

[ranged]
frames=1
duration=3
type=back_forth
frame=0,0,0,17,24,31,12,25
frame=0,1,0,17,24,31,12,25
frame=0,2,0,17,24,31,12,25
frame=0,3,0,17,24,31,12,25
frame=0,4,0,17,24,31,12,25
frame=0,5,0,17,24,31,12,25
frame=0,6,0,17,24,31,12,25
frame=0,7,0,17,24,31,12,25

[ment]
frames=1
duration=3
type=back_forth
frame=0,0,0,17,24,31,12,25
frame=0,1,0,17,24,31,12,25
frame=0,2,0,17,24,31,12,25
frame=0,3,0,17,24,31,12,25
frame=0,4,0,17,24,31,12,25
frame=0,5,0,17,24,31,12,25
frame=0,6,0,17,24,31,12,25
frame=0,7,0,17,24,31,12,25

[die]
frames=1
duration=3
type=back_forth
frame=0,0,0,0,30,17,15,11
frame=0,1,0,0,30,17,15,11
frame=0,2,0,0,30,17,15,11
frame=0,3,0,0,30,17,15,11
frame=0,4,0,0,30,17,15,11
frame=0,5,0,0,30,17,15,11
frame=0,6,0,0,30,17,15,11
frame=0,7,0,0,30,17,15,11

[melee]
frames=1
duration=3
type=back_forth
frame=0,0,0,17,24,31,12,25
frame=0,1,0,17,24,31,12,25
frame=0,2,0,17,24,31,12,25
frame=0,3,0,17,24,31,12,25
frame=0,4,0,17,24,31,12,25
frame=0,5,0,17,24,31,12,25
frame=0,6,0,17,24,31,12,25
frame=0,7,0,17,24,31,12,25

[critdie]
frames=1
duration=3
type=back_forth
frame=0,0,0,0,30,17,15,11
frame=0,1,0,0,30,17,15,11
frame=0,2,0,0,30,17,15,11
frame=0,3,0,0,30,17,15,11
frame=0,4,0,0,30,17,15,11
frame=0,5,0,0,30,17,15,11
frame=0,6,0,0,30,17,15,11
frame=0,7,0,0,30,17,15,11

[hit]
frames=1
duration=3
type=back_forth
frame=0,0,0,17,24,31,12,25
frame=0,1,0,17,24,31,12,25
frame=0,2,0,17,24,31,12,25
frame=0,3,0,17,24,31,12,25
frame=0,4,0,17,24,31,12,25
frame=0,5,0,17,24,31,12,25
frame=0,6,0,17,24,31,12,25
frame=0,7,0,17,24,31,12,25

[block]
frames=1
duration=3
type=back_forth
frame=0,0,0,17,24,31,12,25
frame=0,1,0,17,24,31,12,25
frame=0,2,0,17,24,31,12,25
frame=0,3,0,17,24,31,12,25
frame=0,4,0,17,24,31,12,25
frame=0,5,0,17,24,31,12,25
frame=0,6,0,17,24,31,12,25
frame=0,7,0,17,24,31,12,25
