
image=images/enemies/ghost.png

[stance]
frames=3
duration=120
type=back_forth
frame=0,0,104,0,32,46,15,40
frame=0,1,104,0,32,46,15,40
frame=0,2,36,0,34,46,17,40
frame=0,3,36,0,34,46,17,40
frame=0,4,36,0,34,46,17,40
frame=0,5,104,46,32,46,17,40
frame=0,6,104,46,32,46,17,40
frame=0,7,36,46,34,46,17,40
frame=1,0,200,0,32,45,15,39
frame=1,1,136,0,32,46,15,40
frame=1,2,0,0,36,46,18,40
frame=1,3,0,0,36,46,18,40
frame=1,4,0,0,36,46,18,40
frame=1,5,136,46,32,46,17,40
frame=1,6,136,46,32,46,17,40
frame=1,7,0,46,36,46,18,40
frame=2,0,236,44,32,44,15,38
frame=2,1,236,44,32,44,15,38
frame=2,2,200,45,36,44,18,38
frame=2,3,200,45,36,44,18,38
frame=2,4,200,45,36,44,18,38
frame=2,5,268,0,32,44,17,38
frame=2,6,268,0,32,44,17,38
frame=2,7,232,0,36,44,18,38

[spawn]
frames=1
duration=120
type=back_forth
frame=0,0,104,0,32,46,15,40
frame=0,1,104,0,32,46,15,40
frame=0,2,36,0,34,46,17,40
frame=0,3,36,0,34,46,17,40
frame=0,4,36,0,34,46,17,40
frame=0,5,104,46,32,46,17,40
frame=0,6,104,46,32,46,17,40
frame=0,7,36,46,34,46,17,40

[run]
frames=3
duration=120
type=back_forth
frame=0,0,104,0,32,46,15,40
frame=0,1,104,0,32,46,15,40
frame=0,2,36,0,34,46,17,40
frame=0,3,36,0,34,46,17,40
frame=0,4,36,0,34,46,17,40
frame=0,5,104,46,32,46,17,40
frame=0,6,104,46,32,46,17,40
frame=0,7,36,46,34,46,17,40
frame=1,0,200,0,32,45,15,39
frame=1,1,136,0,32,46,15,40
frame=1,2,0,0,36,46,18,40
frame=1,3,0,0,36,46,18,40
frame=1,4,0,0,36,46,18,40
frame=1,5,136,46,32,46,17,40
frame=1,6,136,46,32,46,17,40
frame=1,7,0,46,36,46,18,40
frame=2,0,236,44,32,44,15,38
frame=2,1,236,44,32,44,15,38
frame=2,2,200,45,36,44,18,38
frame=2,3,200,45,36,44,18,38
frame=2,4,200,45,36,44,18,38
frame=2,5,268,0,32,44,17,38
frame=2,6,268,0,32,44,17,38
frame=2,7,232,0,36,44,18,38

[ranged]
frames=3
duration=120
type=back_forth
frame=0,0,104,0,32,46,15,40
frame=0,1,104,0,32,46,15,40
frame=0,2,36,0,34,46,17,40
frame=0,3,36,0,34,46,17,40
frame=0,4,36,0,34,46,17,40
frame=0,5,104,46,32,46,17,40
frame=0,6,104,46,32,46,17,40
frame=0,7,36,46,34,46,17,40
frame=1,0,200,0,32,45,15,39
frame=1,1,136,0,32,46,15,40
frame=1,2,0,0,36,46,18,40
frame=1,3,0,0,36,46,18,40
frame=1,4,0,0,36,46,18,40
frame=1,5,136,46,32,46,17,40
frame=1,6,136,46,32,46,17,40
frame=1,7,0,46,36,46,18,40
frame=2,0,236,44,32,44,15,38
frame=2,1,236,44,32,44,15,38
frame=2,2,200,45,36,44,18,38
frame=2,3,200,45,36,44,18,38
frame=2,4,200,45,36,44,18,38
frame=2,5,268,0,32,44,17,38
frame=2,6,268,0,32,44,17,38
frame=2,7,232,0,36,44,18,38

[ment]
frames=3
duration=120
type=back_forth
frame=0,0,104,0,32,46,15,40
frame=0,1,104,0,32,46,15,40
frame=0,2,36,0,34,46,17,40
frame=0,3,36,0,34,46,17,40
frame=0,4,36,0,34,46,17,40
frame=0,5,104,46,32,46,17,40
frame=0,6,104,46,32,46,17,40
frame=0,7,36,46,34,46,17,40
frame=1,0,200,0,32,45,15,39
frame=1,1,136,0,32,46,15,40
frame=1,2,0,0,36,46,18,40
frame=1,3,0,0,36,46,18,40
frame=1,4,0,0,36,46,18,40
frame=1,5,136,46,32,46,17,40
frame=1,6,136,46,32,46,17,40
frame=1,7,0,46,36,46,18,40
frame=2,0,236,44,32,44,15,38
frame=2,1,236,44,32,44,15,38
frame=2,2,200,45,36,44,18,38
frame=2,3,200,45,36,44,18,38
frame=2,4,200,45,36,44,18,38
frame=2,5,268,0,32,44,17,38
frame=2,6,268,0,32,44,17,38
frame=2,7,232,0,36,44,18,38

[die]
frames=3
duration=60
type=play_once
frame=0,0,168,0,32,46,15,40
frame=0,1,168,0,32,46,15,40
frame=0,2,70,0,34,46,17,40
frame=0,3,70,0,34,46,17,40
frame=0,4,70,0,34,46,17,40
frame=0,5,168,46,32,46,17,40
frame=0,6,168,46,32,46,17,40
frame=0,7,70,46,34,46,17,40
frame=1,0,76,92,36,32,16,29
frame=1,1,112,92,36,32,16,29
frame=1,2,200,89,36,39,18,34
frame=1,3,200,89,36,39,18,34
frame=1,4,200,89,36,39,18,34
frame=1,5,39,92,37,32,17,31
frame=1,6,39,92,37,32,17,31
frame=1,7,0,92,39,36,19,32
frame=2,0,236,88,36,38,18,34
frame=2,1,268,44,36,38,18,34
frame=2,2,268,44,36,38,18,34
frame=2,3,268,44,36,38,18,34
frame=2,4,236,88,36,38,18,34
frame=2,5,268,44,36,38,18,34
frame=2,6,236,88,36,38,18,34
frame=2,7,268,44,36,38,18,34

[melee]
frames=3
duration=120
type=back_forth
frame=0,0,104,0,32,46,15,40
frame=0,1,104,0,32,46,15,40
frame=0,2,36,0,34,46,17,40
frame=0,3,36,0,34,46,17,40
frame=0,4,36,0,34,46,17,40
frame=0,5,104,46,32,46,17,40
frame=0,6,104,46,32,46,17,40
frame=0,7,36,46,34,46,17,40
frame=1,0,200,0,32,45,15,39
frame=1,1,136,0,32,46,15,40
frame=1,2,0,0,36,46,18,40
frame=1,3,0,0,36,46,18,40
frame=1,4,0,0,36,46,18,40
frame=1,5,136,46,32,46,17,40
frame=1,6,136,46,32,46,17,40
frame=1,7,0,46,36,46,18,40
frame=2,0,236,44,32,44,15,38
frame=2,1,236,44,32,44,15,38
frame=2,2,200,45,36,44,18,38
frame=2,3,200,45,36,44,18,38
frame=2,4,200,45,36,44,18,38
frame=2,5,268,0,32,44,17,38
frame=2,6,268,0,32,44,17,38
frame=2,7,232,0,36,44,18,38

[critdie]
frames=3
duration=60
type=play_once
frame=0,0,168,0,32,46,15,40
frame=0,1,168,0,32,46,15,40
frame=0,2,70,0,34,46,17,40
frame=0,3,70,0,34,46,17,40
frame=0,4,70,0,34,46,17,40
frame=0,5,168,46,32,46,17,40
frame=0,6,168,46,32,46,17,40
frame=0,7,70,46,34,46,17,40
frame=1,0,76,92,36,32,16,29
frame=1,1,112,92,36,32,16,29
frame=1,2,200,89,36,39,18,34
frame=1,3,200,89,36,39,18,34
frame=1,4,200,89,36,39,18,34
frame=1,5,39,92,37,32,17,31
frame=1,6,39,92,37,32,17,31
frame=1,7,0,92,39,36,19,32
frame=2,0,236,88,36,38,18,34
frame=2,1,268,44,36,38,18,34
frame=2,2,268,44,36,38,18,34
frame=2,3,268,44,36,38,18,34
frame=2,4,236,88,36,38,18,34
frame=2,5,268,44,36,38,18,34
frame=2,6,236,88,36,38,18,34
frame=2,7,268,44,36,38,18,34

[hit]
frames=1
duration=120
type=play_once
frame=0,0,168,0,32,46,15,40
frame=0,1,168,0,32,46,15,40
frame=0,2,70,0,34,46,17,40
frame=0,3,70,0,34,46,17,40
frame=0,4,70,0,34,46,17,40
frame=0,5,168,46,32,46,17,40
frame=0,6,168,46,32,46,17,40
frame=0,7,70,46,34,46,17,40

[block]
frames=3
duration=120
type=back_forth
frame=0,0,104,0,32,46,15,40
frame=0,1,104,0,32,46,15,40
frame=0,2,36,0,34,46,17,40
frame=0,3,36,0,34,46,17,40
frame=0,4,36,0,34,46,17,40
frame=0,5,104,46,32,46,17,40
frame=0,6,104,46,32,46,17,40
frame=0,7,36,46,34,46,17,40
frame=1,0,200,0,32,45,15,39
frame=1,1,136,0,32,46,15,40
frame=1,2,0,0,36,46,18,40
frame=1,3,0,0,36,46,18,40
frame=1,4,0,0,36,46,18,40
frame=1,5,136,46,32,46,17,40
frame=1,6,136,46,32,46,17,40
frame=1,7,0,46,36,46,18,40
frame=2,0,236,44,32,44,15,38
frame=2,1,236,44,32,44,15,38
frame=2,2,200,45,36,44,18,38
frame=2,3,200,45,36,44,18,38
frame=2,4,200,45,36,44,18,38
frame=2,5,268,0,32,44,17,38
frame=2,6,268,0,32,44,17,38
frame=2,7,232,0,36,44,18,38
