
image=images/enemies/ghostdup.png

[stance]
frames=1
duration=180
type=back_forth
frame=0,0,316,645,157,176,79,108
frame=0,1,314,925,156,177,79,108
frame=0,2,0,1102,156,113,78,108

[spawn]
frames=1
duration=180
type=back_forth
frame=0,0,316,645,157,176,79,108
frame=0,1,314,925,156,177,79,108
frame=0,2,0,1102,156,113,78,108

[melee]
frames=6
duration=90
type=play_once
frame=0,0,471,821,34,164,79,94
frame=0,1,471,821,34,164,79,94
frame=0,2,470,985,34,100,79,94

[run]
frames=8
duration=60
type=looped
frame=0,0,0,467,159,177,79,108
frame=0,1,349,178,157,177,79,108
frame=0,2,0,1215,156,113,78,108
frame=1,0,159,640,157,177,79,108
frame=1,1,0,644,157,177,79,108
frame=1,2,0,989,157,113,79,108
frame=2,0,351,0,155,178,79,108
frame=2,1,156,1169,155,175,79,106
frame=2,2,311,1214,154,113,78,108
frame=3,0,0,0,178,178,89,108
frame=3,1,178,0,173,175,78,106
frame=3,2,178,175,171,113,76,108
frame=4,0,157,817,157,175,79,108
frame=4,1,157,992,156,177,79,108
frame=4,2,313,1102,155,112,78,108
frame=5,0,167,288,167,175,81,108
frame=5,1,0,178,167,177,81,108
frame=5,2,0,355,166,112,80,108
frame=6,0,334,355,160,177,81,108
frame=6,1,166,463,160,177,81,108
frame=6,2,326,532,159,113,80,108
frame=7,0,0,821,157,168,76,100
frame=7,1,0,821,157,168,76,100
frame=7,2,314,821,157,104,76,100
