
image=images/enemies/rubysnake.png

[stance]
frames=3
duration=3
type=back_forth
frame=0,0,0,12,30,24,14,20
frame=0,1,0,12,30,24,14,20
frame=0,2,0,252,13,30,7,26
frame=0,3,0,252,13,30,7,26
frame=0,4,0,252,13,30,7,26
frame=0,5,0,36,30,24,16,20
frame=0,6,0,36,30,24,16,20
frame=0,7,13,252,13,30,7,26
frame=1,0,0,60,30,24,14,19
frame=1,1,0,60,30,24,14,19
frame=1,2,0,370,12,31,6,25
frame=1,3,0,370,12,31,6,25
frame=1,4,0,370,12,31,6,25
frame=1,5,0,84,30,24,16,19
frame=1,6,0,84,30,24,16,19
frame=1,7,12,370,12,31,6,26
frame=2,0,0,204,29,24,14,18
frame=2,1,0,204,29,24,14,18
frame=2,2,0,312,13,29,6,24
frame=2,3,0,312,13,29,6,24
frame=2,4,0,312,13,29,6,24
frame=2,5,0,228,29,24,15,18
frame=2,6,0,228,29,24,15,18
frame=2,7,13,312,13,29,6,23

[run]
frames=3
duration=3
type=back_forth
frame=0,0,0,12,30,24,14,20
frame=0,1,0,12,30,24,14,20
frame=0,2,0,252,13,30,7,26
frame=0,3,0,252,13,30,7,26
frame=0,4,0,252,13,30,7,26
frame=0,5,0,36,30,24,16,20
frame=0,6,0,36,30,24,16,20
frame=0,7,13,252,13,30,7,26
frame=1,0,0,60,30,24,14,19
frame=1,1,0,60,30,24,14,19
frame=1,2,0,370,12,31,6,25
frame=1,3,0,370,12,31,6,25
frame=1,4,0,370,12,31,6,25
frame=1,5,0,84,30,24,16,19
frame=1,6,0,84,30,24,16,19
frame=1,7,12,370,12,31,6,26
frame=2,0,0,204,29,24,14,18
frame=2,1,0,204,29,24,14,18
frame=2,2,0,312,13,29,6,24
frame=2,3,0,312,13,29,6,24
frame=2,4,0,312,13,29,6,24
frame=2,5,0,228,29,24,15,18
frame=2,6,0,228,29,24,15,18
frame=2,7,13,312,13,29,6,23

[ranged]
frames=3
duration=3
type=back_forth
frame=0,0,0,12,30,24,14,20
frame=0,1,0,12,30,24,14,20
frame=0,2,0,252,13,30,7,26
frame=0,3,0,252,13,30,7,26
frame=0,4,0,252,13,30,7,26
frame=0,5,0,36,30,24,16,20
frame=0,6,0,36,30,24,16,20
frame=0,7,13,252,13,30,7,26
frame=1,0,0,60,30,24,14,19
frame=1,1,0,60,30,24,14,19
frame=1,2,0,370,12,31,6,25
frame=1,3,0,370,12,31,6,25
frame=1,4,0,370,12,31,6,25
frame=1,5,0,84,30,24,16,19
frame=1,6,0,84,30,24,16,19
frame=1,7,12,370,12,31,6,26
frame=2,0,0,204,29,24,14,18
frame=2,1,0,204,29,24,14,18
frame=2,2,0,312,13,29,6,24
frame=2,3,0,312,13,29,6,24
frame=2,4,0,312,13,29,6,24
frame=2,5,0,228,29,24,15,18
frame=2,6,0,228,29,24,15,18
frame=2,7,13,312,13,29,6,23

[ment]
frames=3
duration=3
type=back_forth
frame=0,0,0,12,30,24,14,20
frame=0,1,0,12,30,24,14,20
frame=0,2,0,252,13,30,7,26
frame=0,3,0,252,13,30,7,26
frame=0,4,0,252,13,30,7,26
frame=0,5,0,36,30,24,16,20
frame=0,6,0,36,30,24,16,20
frame=0,7,13,252,13,30,7,26
frame=1,0,0,60,30,24,14,19
frame=1,1,0,60,30,24,14,19
frame=1,2,0,370,12,31,6,25
frame=1,3,0,370,12,31,6,25
frame=1,4,0,370,12,31,6,25
frame=1,5,0,84,30,24,16,19
frame=1,6,0,84,30,24,16,19
frame=1,7,12,370,12,31,6,26
frame=2,0,0,204,29,24,14,18
frame=2,1,0,204,29,24,14,18
frame=2,2,0,312,13,29,6,24
frame=2,3,0,312,13,29,6,24
frame=2,4,0,312,13,29,6,24
frame=2,5,0,228,29,24,15,18
frame=2,6,0,228,29,24,15,18
frame=2,7,13,312,13,29,6,23

[die]
frames=3
duration=3
type=play_once
frame=0,0,0,108,30,24,14,20
frame=0,1,0,108,30,24,14,20
frame=0,2,0,282,13,30,7,26
frame=0,3,0,282,13,30,7,26
frame=0,4,0,282,13,30,7,26
frame=0,5,0,132,30,24,16,20
frame=0,6,0,132,30,24,16,20
frame=0,7,13,282,13,30,7,26
frame=1,0,0,156,30,24,14,25
frame=1,1,0,156,30,24,14,25
frame=1,2,0,0,32,12,16,16
frame=1,3,0,0,32,12,16,16
frame=1,4,0,0,32,12,16,16
frame=1,5,0,180,30,24,16,25
frame=1,6,0,180,30,24,16,25
frame=1,7,0,341,13,29,6,23
frame=2,0,13,341,13,29,6,25
frame=2,1,13,341,13,29,6,25
frame=2,2,13,341,13,29,6,25
frame=2,3,13,341,13,29,6,25
frame=2,4,13,341,13,29,6,25
frame=2,5,13,341,13,29,6,25
frame=2,6,13,341,13,29,6,25
frame=2,7,13,341,13,29,6,25

[melee]
frames=3
duration=3
type=back_forth
frame=0,0,0,12,30,24,14,20
frame=0,1,0,12,30,24,14,20
frame=0,2,0,252,13,30,7,26
frame=0,3,0,252,13,30,7,26
frame=0,4,0,252,13,30,7,26
frame=0,5,0,36,30,24,16,20
frame=0,6,0,36,30,24,16,20
frame=0,7,13,252,13,30,7,26
frame=1,0,0,60,30,24,14,19
frame=1,1,0,60,30,24,14,19
frame=1,2,0,370,12,31,6,25
frame=1,3,0,370,12,31,6,25
frame=1,4,0,370,12,31,6,25
frame=1,5,0,84,30,24,16,19
frame=1,6,0,84,30,24,16,19
frame=1,7,12,370,12,31,6,26
frame=2,0,0,204,29,24,14,18
frame=2,1,0,204,29,24,14,18
frame=2,2,0,312,13,29,6,24
frame=2,3,0,312,13,29,6,24
frame=2,4,0,312,13,29,6,24
frame=2,5,0,228,29,24,15,18
frame=2,6,0,228,29,24,15,18
frame=2,7,13,312,13,29,6,23

[critdie]
frames=3
duration=3
type=play_once
frame=0,0,0,108,30,24,14,20
frame=0,1,0,108,30,24,14,20
frame=0,2,0,282,13,30,7,26
frame=0,3,0,282,13,30,7,26
frame=0,4,0,282,13,30,7,26
frame=0,5,0,132,30,24,16,20
frame=0,6,0,132,30,24,16,20
frame=0,7,13,282,13,30,7,26
frame=1,0,0,156,30,24,14,25
frame=1,1,0,156,30,24,14,25
frame=1,2,0,0,32,12,16,16
frame=1,3,0,0,32,12,16,16
frame=1,4,0,0,32,12,16,16
frame=1,5,0,180,30,24,16,25
frame=1,6,0,180,30,24,16,25
frame=1,7,0,341,13,29,6,23
frame=2,0,13,341,13,29,6,25
frame=2,1,13,341,13,29,6,25
frame=2,2,13,341,13,29,6,25
frame=2,3,13,341,13,29,6,25
frame=2,4,13,341,13,29,6,25
frame=2,5,13,341,13,29,6,25
frame=2,6,13,341,13,29,6,25
frame=2,7,13,341,13,29,6,25

[hit]
frames=1
duration=3
type=play_once
frame=0,0,0,108,30,24,14,20
frame=0,1,0,108,30,24,14,20
frame=0,2,0,282,13,30,7,26
frame=0,3,0,282,13,30,7,26
frame=0,4,0,282,13,30,7,26
frame=0,5,0,132,30,24,16,20
frame=0,6,0,132,30,24,16,20
frame=0,7,13,282,13,30,7,26

[block]
frames=3
duration=3
type=back_forth
frame=0,0,0,12,30,24,14,20
frame=0,1,0,12,30,24,14,20
frame=0,2,0,252,13,30,7,26
frame=0,3,0,252,13,30,7,26
frame=0,4,0,252,13,30,7,26
frame=0,5,0,36,30,24,16,20
frame=0,6,0,36,30,24,16,20
frame=0,7,13,252,13,30,7,26
frame=1,0,0,60,30,24,14,19
frame=1,1,0,60,30,24,14,19
frame=1,2,0,370,12,31,6,25
frame=1,3,0,370,12,31,6,25
frame=1,4,0,370,12,31,6,25
frame=1,5,0,84,30,24,16,19
frame=1,6,0,84,30,24,16,19
frame=1,7,12,370,12,31,6,26
frame=2,0,0,204,29,24,14,18
frame=2,1,0,204,29,24,14,18
frame=2,2,0,312,13,29,6,24
frame=2,3,0,312,13,29,6,24
frame=2,4,0,312,13,29,6,24
frame=2,5,0,228,29,24,15,18
frame=2,6,0,228,29,24,15,18
frame=2,7,13,312,13,29,6,23
