
image=images/enemies/skeleton.png

[stance]
frames=1
duration=3
type=back_forth
frame=0,0,294,188,20,47,9,43
frame=0,1,294,188,20,47,9,43
frame=0,2,350,46,30,46,15,43
frame=0,3,350,46,30,46,15,43
frame=0,4,350,46,30,46,15,43
frame=0,5,314,188,20,47,11,43
frame=0,6,314,188,20,47,11,43
frame=0,7,101,188,30,47,15,43

[spawn]
frames=1
duration=3
type=back_forth
frame=0,0,294,188,20,47,9,43
frame=0,1,294,188,20,47,9,43
frame=0,2,350,46,30,46,15,43
frame=0,3,350,46,30,46,15,43
frame=0,4,350,46,30,46,15,43
frame=0,5,314,188,20,47,11,43
frame=0,6,314,188,20,47,11,43
frame=0,7,101,188,30,47,15,43

[run]
frames=8
duration=3
type=looped
frame=0,0,390,184,25,46,13,42
frame=0,1,390,184,25,46,13,42
frame=0,2,355,0,30,46,15,43
frame=0,3,355,0,30,46,15,43
frame=0,4,355,0,30,46,15,43
frame=0,5,409,138,25,46,12,42
frame=0,6,409,138,25,46,12,42
frame=0,7,131,188,30,47,15,43
frame=1,0,461,0,21,46,11,43
frame=1,1,461,0,21,46,11,43
frame=1,2,133,141,30,47,15,43
frame=1,3,133,141,30,47,15,43
frame=1,4,133,141,30,47,15,43
frame=1,5,415,184,21,46,10,43
frame=1,6,415,184,21,46,10,43
frame=1,7,0,0,30,48,15,43
frame=2,0,434,46,22,46,9,43
frame=2,1,434,46,22,46,9,43
frame=2,2,221,188,29,47,15,42
frame=2,3,221,188,29,47,15,42
frame=2,4,221,188,29,47,15,42
frame=2,5,439,0,22,46,13,43
frame=2,6,439,0,22,46,13,43
frame=2,7,161,188,30,47,15,42
frame=3,0,230,0,24,47,10,43
frame=3,1,230,0,24,47,10,43
frame=3,2,135,94,30,47,15,43
frame=3,3,135,94,30,47,15,43
frame=3,4,135,94,30,47,15,43
frame=3,5,230,47,24,47,14,43
frame=3,6,230,47,24,47,14,43
frame=3,7,0,48,30,48,15,43
frame=4,0,380,46,28,46,12,42
frame=4,1,380,46,28,46,12,42
frame=4,2,366,92,30,46,15,43
frame=4,3,366,92,30,46,15,43
frame=4,4,366,92,30,46,15,43
frame=4,5,385,0,28,46,16,42
frame=4,6,385,0,28,46,16,42
frame=4,7,163,141,30,47,15,43
frame=5,0,250,188,23,47,9,43
frame=5,1,250,188,23,47,9,43
frame=5,2,191,188,30,47,15,43
frame=5,3,191,188,30,47,15,43
frame=5,4,191,188,30,47,15,43
frame=5,5,254,0,23,47,14,43
frame=5,6,254,0,23,47,14,43
frame=5,7,0,96,30,48,15,43
frame=6,0,277,0,22,47,9,43
frame=6,1,277,0,22,47,9,43
frame=6,2,147,0,29,47,14,42
frame=6,3,147,0,29,47,14,42
frame=6,4,147,0,29,47,14,42
frame=6,5,277,47,22,47,13,43
frame=6,6,277,47,22,47,13,43
frame=6,7,146,47,30,47,15,42
frame=7,0,273,141,21,47,9,43
frame=7,1,273,141,21,47,9,43
frame=7,2,165,94,30,47,15,43
frame=7,3,165,94,30,47,15,43
frame=7,4,165,94,30,47,15,43
frame=7,5,273,188,21,47,12,43
frame=7,6,273,188,21,47,12,43
frame=7,7,0,144,30,48,15,43

[ranged]
frames=2
duration=3
type=back_forth
frame=0,0,80,0,34,47,21,43
frame=0,1,80,0,34,47,21,43
frame=0,2,195,94,27,47,17,42
frame=0,3,195,94,27,47,17,42
frame=0,4,195,94,27,47,17,42
frame=0,5,66,141,34,47,13,43
frame=0,6,66,141,34,47,13,43
frame=0,7,396,92,26,46,12,42
frame=1,0,30,94,36,47,24,43
frame=1,1,30,94,36,47,24,43
frame=1,2,30,141,36,47,18,42
frame=1,3,30,141,36,47,18,42
frame=1,4,30,141,36,47,18,42
frame=1,5,31,188,36,47,12,43
frame=1,6,31,188,36,47,12,43
frame=1,7,78,47,35,47,12,43

[ment]
frames=7
duration=3
type=play_once
frame=0,0,299,0,20,47,9,43
frame=0,1,299,0,20,47,9,43
frame=0,2,350,46,30,46,15,42
frame=0,3,350,46,30,46,15,42
frame=0,4,350,46,30,46,15,42
frame=0,5,299,47,20,47,11,43
frame=0,6,299,47,20,47,11,43
frame=0,7,101,188,30,47,15,43
frame=1,0,254,47,23,47,11,43
frame=1,1,254,47,23,47,11,43
frame=1,2,408,46,26,46,13,42
frame=1,3,408,46,26,46,13,42
frame=1,4,408,46,26,46,13,42
frame=1,5,272,94,23,47,12,43
frame=1,6,272,94,23,47,12,43
frame=1,7,193,141,30,47,15,43
frame=2,0,294,141,21,47,10,43
frame=2,1,294,141,21,47,10,43
frame=2,2,413,0,26,46,13,42
frame=2,3,413,0,26,46,13,42
frame=2,4,413,0,26,46,13,42
frame=2,5,295,94,21,47,11,43
frame=2,6,295,94,21,47,11,43
frame=2,7,204,47,26,47,13,43
frame=3,0,222,94,26,47,12,43
frame=3,1,222,94,26,47,12,43
frame=3,2,354,186,36,46,18,42
frame=3,3,354,186,36,46,18,42
frame=3,4,354,186,36,46,18,42
frame=3,5,223,141,26,47,14,43
frame=3,6,223,141,26,47,14,43
frame=3,7,66,94,36,47,18,43
frame=4,0,100,141,33,47,14,43
frame=4,1,100,141,33,47,14,43
frame=4,2,316,94,50,46,25,42
frame=4,3,316,94,50,46,25,42
frame=4,4,316,94,50,46,25,42
frame=4,5,102,94,33,47,19,43
frame=4,6,102,94,33,47,19,43
frame=4,7,30,0,50,47,25,43
frame=5,0,113,47,33,47,14,43
frame=5,1,113,47,33,47,14,43
frame=5,2,335,140,48,46,24,42
frame=5,3,335,140,48,46,24,42
frame=5,4,335,140,48,46,24,42
frame=5,5,114,0,33,47,19,43
frame=5,6,114,0,33,47,19,43
frame=5,7,30,47,48,47,24,43
frame=6,0,176,0,28,47,12,43
frame=6,1,176,0,28,47,12,43
frame=6,2,319,0,36,46,18,42
frame=6,3,319,0,36,46,18,42
frame=6,4,319,0,36,46,18,42
frame=6,5,176,47,28,47,16,43
frame=6,6,176,47,28,47,16,43
frame=6,7,67,188,34,47,17,43

[die]
frames=6
duration=3
type=play_once
frame=0,0,101,188,30,47,15,43
frame=0,1,101,188,30,47,15,43
frame=0,2,101,188,30,47,15,43
frame=0,3,101,188,30,47,15,43
frame=0,4,101,188,30,47,15,43
frame=0,5,101,188,30,47,15,43
frame=0,6,101,188,30,47,15,43
frame=0,7,101,188,30,47,15,43
frame=1,0,319,46,31,46,14,42
frame=1,1,319,46,31,46,14,42
frame=1,2,319,46,31,46,14,42
frame=1,3,319,46,31,46,14,42
frame=1,4,319,46,31,46,14,42
frame=1,5,319,46,31,46,14,42
frame=1,6,319,46,31,46,14,42
frame=1,7,319,46,31,46,14,42
frame=2,0,0,192,31,39,13,35
frame=2,1,0,192,31,39,13,35
frame=2,2,0,192,31,39,13,35
frame=2,3,0,192,31,39,13,35
frame=2,4,0,192,31,39,13,35
frame=2,5,0,192,31,39,13,35
frame=2,6,0,192,31,39,13,35
frame=2,7,0,192,31,39,13,35
frame=3,0,456,74,30,34,13,31
frame=3,1,456,74,30,34,13,31
frame=3,2,456,74,30,34,13,31
frame=3,3,456,74,30,34,13,31
frame=3,4,456,74,30,34,13,31
frame=3,5,456,74,30,34,13,31
frame=3,6,456,74,30,34,13,31
frame=3,7,456,74,30,34,13,31
frame=4,0,456,46,31,28,13,25
frame=4,1,456,46,31,28,13,25
frame=4,2,456,46,31,28,13,25
frame=4,3,456,46,31,28,13,25
frame=4,4,456,46,31,28,13,25
frame=4,5,456,46,31,28,13,25
frame=4,6,456,46,31,28,13,25
frame=4,7,456,46,31,28,13,25
frame=5,0,436,198,34,35,14,30
frame=5,1,436,198,34,35,14,30
frame=5,2,436,198,34,35,14,30
frame=5,3,436,198,34,35,14,30
frame=5,4,436,198,34,35,14,30
frame=5,5,436,198,34,35,14,30
frame=5,6,436,198,34,35,14,30
frame=5,7,436,198,34,35,14,30

[melee]
frames=5
duration=3
type=play_once
frame=0,0,315,141,20,47,9,43
frame=0,1,315,141,20,47,9,43
frame=0,2,350,46,30,46,19,42
frame=0,3,350,46,30,46,19,42
frame=0,4,350,46,30,46,19,42
frame=0,5,334,188,20,47,11,43
frame=0,6,334,188,20,47,11,43
frame=0,7,101,188,30,47,15,43
frame=1,0,460,108,25,45,15,41
frame=1,1,460,108,25,45,15,41
frame=1,2,383,138,26,46,17,41
frame=1,3,383,138,26,46,17,41
frame=1,4,383,138,26,46,17,41
frame=1,5,460,153,25,45,10,41
frame=1,6,460,153,25,45,10,41
frame=1,7,204,0,26,47,13,43
frame=2,0,248,94,24,47,12,43
frame=2,1,248,94,24,47,12,43
frame=2,2,422,92,25,46,16,41
frame=2,3,422,92,25,46,16,41
frame=2,4,422,92,25,46,16,41
frame=2,5,249,141,24,47,12,43
frame=2,6,249,141,24,47,12,43
frame=2,7,434,138,26,45,13,41
frame=3,0,80,0,34,47,21,43
frame=3,1,80,0,34,47,21,43
frame=3,2,195,94,27,47,17,42
frame=3,3,195,94,27,47,17,42
frame=3,4,195,94,27,47,17,42
frame=3,5,66,141,34,47,13,43
frame=3,6,66,141,34,47,13,43
frame=3,7,396,92,26,46,12,42
frame=4,0,30,94,36,47,24,43
frame=4,1,30,94,36,47,24,43
frame=4,2,30,141,36,47,18,42
frame=4,3,30,141,36,47,18,42
frame=4,4,30,141,36,47,18,42
frame=4,5,31,188,36,47,12,43
frame=4,6,31,188,36,47,12,43
frame=4,7,78,47,35,47,12,43

[hit]
frames=3
duration=3
type=back_forth
frame=0,0,101,188,30,47,15,43
frame=0,1,101,188,30,47,15,43
frame=0,2,101,188,30,47,15,43
frame=0,3,101,188,30,47,15,43
frame=0,4,101,188,30,47,15,43
frame=0,5,101,188,30,47,15,43
frame=0,6,101,188,30,47,15,43
frame=0,7,101,188,30,47,15,43
frame=1,0,319,46,31,46,14,42
frame=1,1,319,46,31,46,14,42
frame=1,2,319,46,31,46,14,42
frame=1,3,319,46,31,46,14,42
frame=1,4,319,46,31,46,14,42
frame=1,5,319,46,31,46,14,42
frame=1,6,319,46,31,46,14,42
frame=1,7,319,46,31,46,14,42
frame=2,0,0,192,31,39,13,35
frame=2,1,0,192,31,39,13,35
frame=2,2,0,192,31,39,13,35
frame=2,3,0,192,31,39,13,35
frame=2,4,0,192,31,39,13,35
frame=2,5,0,192,31,39,13,35
frame=2,6,0,192,31,39,13,35
frame=2,7,0,192,31,39,13,35

[block]
frames=2
duration=3
type=play_once
frame=0,0,101,188,30,47,15,43
frame=0,1,101,188,30,47,15,43
frame=0,2,101,188,30,47,15,43
frame=0,3,101,188,30,47,15,43
frame=0,4,101,188,30,47,15,43
frame=0,5,101,188,30,47,15,43
frame=0,6,101,188,30,47,15,43
frame=0,7,101,188,30,47,15,43
frame=1,0,319,46,31,46,14,42
frame=1,1,319,46,31,46,14,42
frame=1,2,319,46,31,46,14,42
frame=1,3,319,46,31,46,14,42
frame=1,4,319,46,31,46,14,42
frame=1,5,319,46,31,46,14,42
frame=1,6,319,46,31,46,14,42
frame=1,7,319,46,31,46,14,42
