
image=images/enemies/slime.png

[stance]
frames=3
duration=3
type=back_forth
frame=0,0,0,522,26,21,13,17
frame=0,1,0,543,26,21,13,17
frame=0,2,0,564,26,21,13,17
frame=0,3,0,564,26,21,13,17
frame=0,4,0,585,26,21,13,17
frame=0,5,0,606,26,21,13,17
frame=0,6,0,606,26,21,13,17
frame=0,7,0,627,26,21,13,17
frame=1,0,0,186,29,25,15,20
frame=1,1,0,211,29,25,15,20
frame=1,2,0,0,30,27,15,22
frame=1,3,0,27,30,27,15,22
frame=1,4,0,54,30,27,15,22
frame=1,5,0,236,29,25,14,20
frame=1,6,0,236,29,25,14,20
frame=1,7,0,81,30,27,15,22
frame=2,0,0,261,26,29,13,25
frame=2,1,0,290,26,29,13,25
frame=2,2,0,319,26,29,13,25
frame=2,3,0,348,26,29,13,25
frame=2,4,0,377,26,29,13,25
frame=2,5,0,406,26,29,13,25
frame=2,6,0,406,26,29,13,25
frame=2,7,0,435,26,29,13,25

[run]
frames=3
duration=3
type=back_forth
frame=0,0,0,522,26,21,13,17
frame=0,1,0,543,26,21,13,17
frame=0,2,0,564,26,21,13,17
frame=0,3,0,564,26,21,13,17
frame=0,4,0,585,26,21,13,17
frame=0,5,0,606,26,21,13,17
frame=0,6,0,606,26,21,13,17
frame=0,7,0,627,26,21,13,17
frame=1,0,0,186,29,25,15,20
frame=1,1,0,211,29,25,15,20
frame=1,2,0,0,30,27,15,22
frame=1,3,0,27,30,27,15,22
frame=1,4,0,54,30,27,15,22
frame=1,5,0,236,29,25,14,20
frame=1,6,0,236,29,25,14,20
frame=1,7,0,81,30,27,15,22
frame=2,0,0,261,26,29,13,25
frame=2,1,0,290,26,29,13,25
frame=2,2,0,319,26,29,13,25
frame=2,3,0,348,26,29,13,25
frame=2,4,0,377,26,29,13,25
frame=2,5,0,406,26,29,13,25
frame=2,6,0,406,26,29,13,25
frame=2,7,0,435,26,29,13,25

[ranged]
frames=3
duration=3
type=back_forth
frame=0,0,0,522,26,21,13,17
frame=0,1,0,543,26,21,13,17
frame=0,2,0,564,26,21,13,17
frame=0,3,0,564,26,21,13,17
frame=0,4,0,585,26,21,13,17
frame=0,5,0,606,26,21,13,17
frame=0,6,0,606,26,21,13,17
frame=0,7,0,627,26,21,13,17
frame=1,0,0,186,29,25,15,20
frame=1,1,0,211,29,25,15,20
frame=1,2,0,0,30,27,15,22
frame=1,3,0,27,30,27,15,22
frame=1,4,0,54,30,27,15,22
frame=1,5,0,236,29,25,14,20
frame=1,6,0,236,29,25,14,20
frame=1,7,0,81,30,27,15,22
frame=2,0,0,261,26,29,13,25
frame=2,1,0,290,26,29,13,25
frame=2,2,0,319,26,29,13,25
frame=2,3,0,348,26,29,13,25
frame=2,4,0,377,26,29,13,25
frame=2,5,0,406,26,29,13,25
frame=2,6,0,406,26,29,13,25
frame=2,7,0,435,26,29,13,25

[ment]
frames=3
duration=3
type=back_forth
frame=0,0,0,522,26,21,13,17
frame=0,1,0,543,26,21,13,17
frame=0,2,0,564,26,21,13,17
frame=0,3,0,564,26,21,13,17
frame=0,4,0,585,26,21,13,17
frame=0,5,0,606,26,21,13,17
frame=0,6,0,606,26,21,13,17
frame=0,7,0,627,26,21,13,17
frame=1,0,0,186,29,25,15,20
frame=1,1,0,211,29,25,15,20
frame=1,2,0,0,30,27,15,22
frame=1,3,0,27,30,27,15,22
frame=1,4,0,54,30,27,15,22
frame=1,5,0,236,29,25,14,20
frame=1,6,0,236,29,25,14,20
frame=1,7,0,81,30,27,15,22
frame=2,0,0,261,26,29,13,25
frame=2,1,0,290,26,29,13,25
frame=2,2,0,319,26,29,13,25
frame=2,3,0,348,26,29,13,25
frame=2,4,0,377,26,29,13,25
frame=2,5,0,406,26,29,13,25
frame=2,6,0,406,26,29,13,25
frame=2,7,0,435,26,29,13,25

[die]
frames=3
duration=3
type=play_once
frame=0,0,0,648,26,21,13,17
frame=0,1,0,648,26,21,13,17
frame=0,2,0,669,26,21,13,17
frame=0,3,0,669,26,21,13,17
frame=0,4,0,669,26,21,13,17
frame=0,5,0,690,26,21,13,17
frame=0,6,0,690,26,21,13,17
frame=0,7,0,711,26,21,13,17
frame=1,0,0,108,29,26,13,23
frame=1,1,0,108,29,26,13,23
frame=1,2,0,464,26,29,12,23
frame=1,3,0,464,26,29,12,23
frame=1,4,0,464,26,29,12,23
frame=1,5,0,134,29,26,14,22
frame=1,6,0,134,29,26,14,22
frame=1,7,0,160,29,26,13,23
frame=2,0,0,493,26,29,13,23
frame=2,1,0,493,26,29,13,23
frame=2,2,0,493,26,29,13,23
frame=2,3,0,493,26,29,13,23
frame=2,4,0,493,26,29,13,23
frame=2,5,0,493,26,29,13,23
frame=2,6,0,493,26,29,13,23
frame=2,7,0,493,26,29,13,23

[melee]
frames=3
duration=3
type=back_forth
frame=0,0,0,522,26,21,13,17
frame=0,1,0,543,26,21,13,17
frame=0,2,0,564,26,21,13,17
frame=0,3,0,564,26,21,13,17
frame=0,4,0,585,26,21,13,17
frame=0,5,0,606,26,21,13,17
frame=0,6,0,606,26,21,13,17
frame=0,7,0,627,26,21,13,17
frame=1,0,0,186,29,25,15,20
frame=1,1,0,211,29,25,15,20
frame=1,2,0,0,30,27,15,22
frame=1,3,0,27,30,27,15,22
frame=1,4,0,54,30,27,15,22
frame=1,5,0,236,29,25,14,20
frame=1,6,0,236,29,25,14,20
frame=1,7,0,81,30,27,15,22
frame=2,0,0,261,26,29,13,25
frame=2,1,0,290,26,29,13,25
frame=2,2,0,319,26,29,13,25
frame=2,3,0,348,26,29,13,25
frame=2,4,0,377,26,29,13,25
frame=2,5,0,406,26,29,13,25
frame=2,6,0,406,26,29,13,25
frame=2,7,0,435,26,29,13,25

[critdie]
frames=3
duration=3
type=play_once
frame=0,0,0,648,26,21,13,17
frame=0,1,0,648,26,21,13,17
frame=0,2,0,669,26,21,13,17
frame=0,3,0,669,26,21,13,17
frame=0,4,0,669,26,21,13,17
frame=0,5,0,690,26,21,13,17
frame=0,6,0,690,26,21,13,17
frame=0,7,0,711,26,21,13,17
frame=1,0,0,108,29,26,13,23
frame=1,1,0,108,29,26,13,23
frame=1,2,0,464,26,29,12,23
frame=1,3,0,464,26,29,12,23
frame=1,4,0,464,26,29,12,23
frame=1,5,0,134,29,26,14,22
frame=1,6,0,134,29,26,14,22
frame=1,7,0,160,29,26,13,23
frame=2,0,0,493,26,29,13,23
frame=2,1,0,493,26,29,13,23
frame=2,2,0,493,26,29,13,23
frame=2,3,0,493,26,29,13,23
frame=2,4,0,493,26,29,13,23
frame=2,5,0,493,26,29,13,23
frame=2,6,0,493,26,29,13,23
frame=2,7,0,493,26,29,13,23

[hit]
frames=1
duration=3
type=play_once
frame=0,0,0,648,26,21,13,17
frame=0,1,0,648,26,21,13,17
frame=0,2,0,669,26,21,13,17
frame=0,3,0,669,26,21,13,17
frame=0,4,0,669,26,21,13,17
frame=0,5,0,690,26,21,13,17
frame=0,6,0,690,26,21,13,17
frame=0,7,0,711,26,21,13,17

[block]
frames=3
duration=3
type=back_forth
frame=0,0,0,522,26,21,13,17
frame=0,1,0,543,26,21,13,17
frame=0,2,0,564,26,21,13,17
frame=0,3,0,564,26,21,13,17
frame=0,4,0,585,26,21,13,17
frame=0,5,0,606,26,21,13,17
frame=0,6,0,606,26,21,13,17
frame=0,7,0,627,26,21,13,17
frame=1,0,0,186,29,25,15,20
frame=1,1,0,211,29,25,15,20
frame=1,2,0,0,30,27,15,22
frame=1,3,0,27,30,27,15,22
frame=1,4,0,54,30,27,15,22
frame=1,5,0,236,29,25,14,20
frame=1,6,0,236,29,25,14,20
frame=1,7,0,81,30,27,15,22
frame=2,0,0,261,26,29,13,25
frame=2,1,0,290,26,29,13,25
frame=2,2,0,319,26,29,13,25
frame=2,3,0,348,26,29,13,25
frame=2,4,0,377,26,29,13,25
frame=2,5,0,406,26,29,13,25
frame=2,6,0,406,26,29,13,25
frame=2,7,0,435,26,29,13,25
