
image=images/enemies/squirrel.png

[stance]
frames=1
duration=3
type=back_forth
frame=0,0,258,39,21,19,11,19
frame=0,1,258,39,21,19,11,19
frame=0,2,295,18,9,18,5,18
frame=0,3,295,18,9,18,5,18
frame=0,4,295,18,9,18,5,18
frame=0,5,252,20,22,19,10,19
frame=0,6,252,20,22,19,10,19
frame=0,7,191,42,9,21,5,21

[run]
frames=3
duration=3
type=looped
frame=0,0,108,0,28,22,16,20
frame=0,1,108,0,28,22,16,20
frame=0,2,15,25,17,24,10,20
frame=0,3,15,25,17,24,10,20
frame=0,4,15,25,17,24,10,20
frame=0,5,113,22,28,22,12,20
frame=0,6,113,22,28,22,12,20
frame=0,7,30,0,15,24,8,21
frame=1,0,45,0,32,22,16,23
frame=1,1,45,0,32,22,16,23
frame=1,2,0,0,15,30,8,24
frame=1,3,0,0,15,30,8,24
frame=1,4,0,0,15,30,8,24
frame=1,5,50,22,32,22,16,23
frame=1,6,50,22,32,22,16,23
frame=1,7,15,0,15,25,8,26
frame=2,0,77,0,31,22,16,22
frame=2,1,77,0,31,22,16,22
frame=2,2,136,0,15,22,8,16
frame=2,3,136,0,15,22,8,16
frame=2,4,136,0,15,22,8,16
frame=2,5,82,22,31,22,15,22
frame=2,6,82,22,31,22,15,22
frame=2,7,0,30,15,30,8,24

[ranged]
frames=8
duration=3
type=run_once
frame=0,0,222,0,22,20,12,20
frame=0,1,222,0,22,20,12,20
frame=0,2,304,0,9,18,5,18
frame=0,3,304,0,9,18,5,18
frame=0,4,304,0,9,18,5,18
frame=0,5,218,42,22,20,10,20
frame=0,6,218,42,22,20,10,20
frame=0,7,200,42,9,21,5,21
frame=1,0,224,20,18,20,11,20
frame=1,1,224,20,18,20,11,20
frame=1,2,206,21,9,21,5,21
frame=1,3,206,21,9,21,5,21
frame=1,4,206,21,9,21,5,21
frame=1,5,240,40,18,20,7,20
frame=1,6,240,40,18,20,7,20
frame=1,7,32,24,9,24,5,24
frame=2,0,50,44,24,20,12,20
frame=2,1,50,44,24,20,12,20
frame=2,2,313,17,10,17,6,17
frame=2,3,313,17,10,17,6,17
frame=2,4,313,17,10,17,6,17
frame=2,5,74,44,24,20,12,20
frame=2,6,74,44,24,20,12,20
frame=2,7,242,20,10,20,6,20
frame=3,0,98,44,24,20,11,20
frame=3,1,98,44,24,20,11,20
frame=3,2,313,0,14,17,10,17
frame=3,3,313,0,14,17,10,17
frame=3,4,313,0,14,17,10,17
frame=3,5,122,44,24,20,13,20
frame=3,6,122,44,24,20,13,20
frame=3,7,279,38,14,18,10,18
frame=4,0,174,0,21,21,11,21
frame=4,1,174,0,21,21,11,21
frame=4,2,304,18,9,18,5,18
frame=4,3,304,18,9,18,5,18
frame=4,4,304,18,9,18,5,18
frame=4,5,170,42,21,21,10,21
frame=4,6,170,42,21,21,10,21
frame=4,7,213,0,9,21,5,21
frame=5,0,188,21,18,21,11,21
frame=5,1,188,21,18,21,11,21
frame=5,2,209,42,9,21,5,21
frame=5,3,209,42,9,21,5,21
frame=5,4,209,42,9,21,5,21
frame=5,5,195,0,18,21,7,21
frame=5,6,195,0,18,21,7,21
frame=5,7,41,24,9,24,5,24
frame=6,0,151,0,23,21,11,21
frame=6,1,151,0,23,21,11,21
frame=6,2,316,34,10,17,5,17
frame=6,3,316,34,10,17,5,17
frame=6,4,316,34,10,17,5,17
frame=6,5,165,21,23,21,12,21
frame=6,6,165,21,23,21,12,21
frame=6,7,244,0,10,20,5,20
frame=7,0,141,22,24,21,11,21
frame=7,1,141,22,24,21,11,21
frame=7,2,32,48,14,16,5,16
frame=7,3,32,48,14,16,5,16
frame=7,4,32,48,14,16,5,16
frame=7,5,146,43,24,21,13,21
frame=7,6,146,43,24,21,13,21
frame=7,7,293,38,14,18,5,18

[ment]
frames=3
duration=3
type=back_forth
frame=0,0,258,39,21,19,11,19
frame=0,1,258,39,21,19,11,19
frame=0,2,295,18,9,18,5,18
frame=0,3,295,18,9,18,5,18
frame=0,4,295,18,9,18,5,18
frame=0,5,252,20,22,19,10,19
frame=0,6,252,20,22,19,10,19
frame=0,7,191,42,9,21,5,21
frame=1,0,108,0,28,22,16,20
frame=1,1,108,0,28,22,16,20
frame=1,2,15,25,17,24,10,20
frame=1,3,15,25,17,24,10,20
frame=1,4,15,25,17,24,10,20
frame=1,5,113,22,28,22,12,20
frame=1,6,113,22,28,22,12,20
frame=1,7,30,0,15,24,8,21
frame=2,0,45,0,32,22,16,23
frame=2,1,45,0,32,22,16,23
frame=2,2,0,0,15,30,8,24
frame=2,3,0,0,15,30,8,24
frame=2,4,0,0,15,30,8,24
frame=2,5,50,22,32,22,16,23
frame=2,6,50,22,32,22,16,23
frame=2,7,15,0,15,25,8,26

[die]
frames=1
duration=3
type=play_once
frame=0,0,276,0,28,18,14,14
frame=0,1,276,0,28,18,14,14
frame=0,2,276,0,28,18,14,14
frame=0,3,276,0,28,18,14,14
frame=0,4,276,0,28,18,14,14
frame=0,5,276,0,28,18,14,14
frame=0,6,276,0,28,18,14,14
frame=0,7,276,0,28,18,14,14

[melee]
frames=8
duration=3
type=run_once
frame=0,0,222,0,22,20,12,20
frame=0,1,222,0,22,20,12,20
frame=0,2,304,0,9,18,5,18
frame=0,3,304,0,9,18,5,18
frame=0,4,304,0,9,18,5,18
frame=0,5,218,42,22,20,10,20
frame=0,6,218,42,22,20,10,20
frame=0,7,200,42,9,21,5,21
frame=1,0,224,20,18,20,11,20
frame=1,1,224,20,18,20,11,20
frame=1,2,206,21,9,21,5,21
frame=1,3,206,21,9,21,5,21
frame=1,4,206,21,9,21,5,21
frame=1,5,240,40,18,20,7,20
frame=1,6,240,40,18,20,7,20
frame=1,7,32,24,9,24,5,24
frame=2,0,50,44,24,20,12,20
frame=2,1,50,44,24,20,12,20
frame=2,2,313,17,10,17,6,17
frame=2,3,313,17,10,17,6,17
frame=2,4,313,17,10,17,6,17
frame=2,5,74,44,24,20,12,20
frame=2,6,74,44,24,20,12,20
frame=2,7,242,20,10,20,6,20
frame=3,0,98,44,24,20,11,20
frame=3,1,98,44,24,20,11,20
frame=3,2,313,0,14,17,10,17
frame=3,3,313,0,14,17,10,17
frame=3,4,313,0,14,17,10,17
frame=3,5,122,44,24,20,13,20
frame=3,6,122,44,24,20,13,20
frame=3,7,279,38,14,18,10,18
frame=4,0,174,0,21,21,11,21
frame=4,1,174,0,21,21,11,21
frame=4,2,304,18,9,18,5,18
frame=4,3,304,18,9,18,5,18
frame=4,4,304,18,9,18,5,18
frame=4,5,170,42,21,21,10,21
frame=4,6,170,42,21,21,10,21
frame=4,7,213,0,9,21,5,21
frame=5,0,188,21,18,21,11,21
frame=5,1,188,21,18,21,11,21
frame=5,2,209,42,9,21,5,21
frame=5,3,209,42,9,21,5,21
frame=5,4,209,42,9,21,5,21
frame=5,5,195,0,18,21,7,21
frame=5,6,195,0,18,21,7,21
frame=5,7,41,24,9,24,5,24
frame=6,0,151,0,23,21,11,21
frame=6,1,151,0,23,21,11,21
frame=6,2,316,34,10,17,5,17
frame=6,3,316,34,10,17,5,17
frame=6,4,316,34,10,17,5,17
frame=6,5,165,21,23,21,12,21
frame=6,6,165,21,23,21,12,21
frame=6,7,244,0,10,20,5,20
frame=7,0,141,22,24,21,11,21
frame=7,1,141,22,24,21,11,21
frame=7,2,32,48,14,16,5,16
frame=7,3,32,48,14,16,5,16
frame=7,4,32,48,14,16,5,16
frame=7,5,146,43,24,21,13,21
frame=7,6,146,43,24,21,13,21
frame=7,7,293,38,14,18,5,18

[critdie]
frames=3
duration=3
type=play_once
frame=0,0,224,20,18,20,11,20
frame=0,1,224,20,18,20,11,20
frame=0,2,206,21,9,21,5,21
frame=0,3,206,21,9,21,5,21
frame=0,4,206,21,9,21,5,21
frame=0,5,240,40,18,20,7,20
frame=0,6,240,40,18,20,7,20
frame=0,7,32,24,9,24,5,24
frame=1,0,50,44,24,20,12,20
frame=1,1,50,44,24,20,12,20
frame=1,2,313,17,10,17,6,17
frame=1,3,313,17,10,17,6,17
frame=1,4,313,17,10,17,6,17
frame=1,5,74,44,24,20,12,20
frame=1,6,74,44,24,20,12,20
frame=1,7,242,20,10,20,6,20
frame=2,0,98,44,24,20,11,20
frame=2,1,98,44,24,20,11,20
frame=2,2,313,0,14,17,10,17
frame=2,3,313,0,14,17,10,17
frame=2,4,313,0,14,17,10,17
frame=2,5,122,44,24,20,13,20
frame=2,6,122,44,24,20,13,20
frame=2,7,279,38,14,18,10,18

[hit]
frames=1
duration=3
type=play_once
frame=0,0,274,19,21,19,11,19
frame=0,1,274,19,21,19,11,19
frame=0,2,307,36,9,18,5,18
frame=0,3,307,36,9,18,5,18
frame=0,4,307,36,9,18,5,18
frame=0,5,254,0,22,19,10,19
frame=0,6,254,0,22,19,10,19
frame=0,7,215,21,9,21,5,21

[block]
frames=3
duration=3
type=back_forth
frame=0,0,258,39,21,19,11,19
frame=0,1,258,39,21,19,11,19
frame=0,2,295,18,9,18,5,18
frame=0,3,295,18,9,18,5,18
frame=0,4,295,18,9,18,5,18
frame=0,5,252,20,22,19,10,19
frame=0,6,252,20,22,19,10,19
frame=0,7,191,42,9,21,5,21
frame=1,0,108,0,28,22,16,20
frame=1,1,108,0,28,22,16,20
frame=1,2,15,25,17,24,10,20
frame=1,3,15,25,17,24,10,20
frame=1,4,15,25,17,24,10,20
frame=1,5,113,22,28,22,12,20
frame=1,6,113,22,28,22,12,20
frame=1,7,30,0,15,24,8,21
frame=2,0,45,0,32,22,16,23
frame=2,1,45,0,32,22,16,23
frame=2,2,0,0,15,30,8,24
frame=2,3,0,0,15,30,8,24
frame=2,4,0,0,15,30,8,24
frame=2,5,50,22,32,22,16,23
frame=2,6,50,22,32,22,16,23
frame=2,7,15,0,15,25,8,26
