[header]
width=32
height=32
tileset=sewer.txt
title=Hidden Waterway

[layer]
type=background
data=
158,158,158,158,158,158,158,158,158,158,158,158,158,158,158,158,158,158,158,158,158,158,158,158,158,158,158,158,158,158,158,158,
158,158,158,158,158,158,508,510,158,158,158,158,158,158,158,158,158,158,158,158,158,158,158,158,158,158,158,158,158,158,158,158,
158,158,158,158,158,158,508,510,158,158,158,158,158,158,158,158,158,158,158,158,158,158,158,158,158,158,158,158,158,158,158,158,
158,158,158,158,158,158,508,510,158,158,158,158,158,158,158,158,158,158,158,273,273,273,273,273,273,273,273,273,273,273,273,158,
158,158,158,273,273,273,535,537,273,273,273,273,158,158,158,158,158,158,158,273,273,273,273,273,273,273,273,273,273,273,273,158,
158,158,158,273,273,273,273,273,273,273,273,273,158,158,158,158,158,158,158,273,273,273,273,273,273,273,273,273,273,273,273,158,
158,158,158,273,273,273,273,273,273,273,273,273,158,158,158,158,158,158,158,273,273,273,273,273,273,273,273,273,273,273,273,158,
158,158,158,273,273,273,273,273,273,273,273,273,158,158,158,158,158,158,158,273,273,273,273,273,273,273,273,273,273,273,273,158,
158,158,158,273,273,273,273,273,273,273,273,273,158,158,158,158,158,158,158,273,273,273,273,273,273,273,273,273,273,273,273,158,
158,158,158,273,273,273,273,273,273,273,273,273,273,273,273,273,273,273,273,273,273,273,273,273,273,273,273,273,273,273,273,158,
158,158,158,273,273,273,273,273,273,273,273,273,273,273,273,273,273,273,273,273,273,273,273,273,273,273,273,273,273,273,273,158,
158,158,158,273,273,273,273,273,273,273,273,273,273,273,273,273,273,273,273,273,273,273,273,273,273,273,273,273,273,273,273,158,
158,158,158,273,273,273,273,273,273,273,273,273,273,273,273,273,273,273,273,273,273,273,273,273,273,273,273,273,273,273,273,158,
158,158,158,273,273,273,273,273,273,273,273,273,273,273,273,273,273,273,273,273,273,273,273,273,273,273,273,273,273,273,273,158,
158,158,158,158,158,158,158,158,158,158,158,158,158,158,158,158,158,273,273,273,273,273,273,273,273,273,273,273,273,273,273,158,
158,158,158,158,158,158,159,159,159,273,273,273,273,273,273,273,273,273,273,273,273,273,273,273,273,273,273,273,273,273,273,158,
158,158,158,158,158,158,159,159,273,273,273,273,273,273,273,273,273,273,273,273,273,273,273,273,273,273,273,273,273,273,273,158,
158,158,158,158,158,158,159,159,273,273,273,273,273,273,273,273,273,273,273,273,273,273,273,273,273,273,273,273,273,273,273,158,
158,158,158,158,158,158,158,159,273,273,273,273,273,273,273,273,273,273,273,273,273,273,273,273,273,273,273,273,273,273,273,158,
158,158,158,158,158,158,159,159,273,273,273,273,273,273,273,273,273,273,273,273,273,273,273,273,273,273,273,273,273,273,273,158,
158,158,158,158,158,158,273,273,273,273,273,273,273,273,273,273,273,273,273,273,273,273,273,273,273,273,273,273,273,273,273,158,
158,158,158,158,158,158,158,158,158,273,273,273,273,158,158,158,158,158,158,158,158,158,273,273,273,273,273,158,158,158,158,158,
158,158,158,158,158,158,158,158,158,273,273,273,273,158,158,158,158,158,158,158,158,158,273,273,273,273,273,158,158,158,158,158,
158,158,158,158,158,158,158,158,158,273,273,273,273,158,158,158,158,158,158,158,158,158,273,273,273,273,273,158,158,158,158,158,
158,158,158,158,158,158,158,158,158,273,273,273,273,158,158,158,158,158,158,158,158,158,273,273,273,273,273,158,158,158,158,158,
158,158,158,158,158,158,158,158,158,273,273,273,273,158,158,158,158,158,158,158,158,158,273,273,273,273,273,158,158,158,158,158,
158,158,158,158,158,158,158,158,158,273,611,613,273,158,158,158,158,158,158,158,158,158,273,273,273,273,273,158,158,158,158,158,
158,158,158,158,158,158,158,158,158,273,638,640,273,158,158,158,158,158,158,158,158,158,273,273,273,273,273,158,158,158,158,158,
158,158,158,158,158,158,158,158,158,273,638,640,273,158,158,158,158,158,158,158,158,158,344,344,344,344,344,344,344,344,344,344,
158,158,158,158,158,158,158,158,158,273,638,640,273,158,158,158,158,158,158,158,158,158,344,344,344,344,344,344,344,344,344,344,
158,158,158,158,158,158,158,158,158,158,158,158,158,158,158,158,158,158,158,158,158,158,344,344,344,344,344,344,344,344,344,344,
158,158,158,158,158,158,158,158,158,158,158,158,158,158,158,158,158,158,158,158,158,158,344,344,344,344,344,344,344,344,344,344

[layer]
type=fringe
data=
0,0,0,0,0,0,0,0,0,0,0,0,0,0,0,0,0,0,0,0,0,0,0,0,0,0,0,0,0,0,0,0,
0,0,0,0,0,0,0,0,0,0,0,0,0,0,0,0,0,0,0,0,0,0,0,0,0,0,0,0,0,0,0,0,
0,0,0,0,0,0,0,0,0,0,0,0,0,0,0,0,0,0,0,0,0,0,0,0,0,0,0,0,0,0,0,0,
0,0,0,0,0,0,0,0,0,0,0,0,0,0,0,0,0,0,0,0,0,0,0,0,0,0,0,0,0,0,0,0,
0,0,0,0,0,0,0,0,0,829,0,0,0,0,0,0,0,0,0,0,0,0,0,0,0,0,0,0,0,0,0,0,
0,0,0,0,0,0,0,0,0,0,0,0,0,0,0,0,0,0,0,0,0,0,0,0,0,0,0,0,0,0,0,0,
0,0,0,0,0,0,0,0,0,0,0,0,0,0,0,0,0,0,0,0,0,0,0,0,0,0,0,0,0,0,0,0,
0,0,0,0,0,0,0,0,0,0,0,0,0,0,0,0,0,0,0,0,0,0,0,0,0,0,0,0,0,0,0,0,
0,0,0,0,0,0,0,0,0,0,0,0,0,0,0,0,0,0,0,0,0,0,0,0,0,0,0,0,829,0,0,0,
0,0,0,0,0,0,0,0,0,0,0,0,0,0,0,0,0,0,0,0,0,0,0,0,0,0,0,0,0,0,0,0,
0,0,0,0,0,0,0,0,0,0,0,0,0,0,0,0,0,0,0,0,0,0,0,0,0,0,0,0,0,0,0,0,
0,0,0,0,0,0,0,0,0,0,0,0,0,0,0,0,0,0,0,0,0,0,0,0,0,0,0,0,0,0,0,0,
0,0,0,0,0,0,0,0,0,0,0,0,0,0,0,0,0,0,0,0,0,0,0,0,0,0,0,0,0,0,0,0,
0,0,0,0,0,0,0,0,0,0,0,0,0,0,0,0,0,0,0,0,0,0,0,0,0,0,0,0,0,0,0,0,
0,0,0,0,0,0,0,0,0,0,0,0,0,0,0,0,0,0,0,0,0,0,0,0,0,0,0,0,0,0,0,0,
0,0,0,0,0,0,0,0,0,105,0,0,0,0,0,0,0,0,0,0,0,0,0,0,0,0,0,0,0,0,0,0,
0,0,0,0,0,0,0,0,23,132,0,0,0,0,0,0,0,0,0,0,0,0,0,0,0,0,0,0,0,0,0,0,
0,0,0,0,0,0,0,0,50,78,0,0,0,0,0,0,0,0,0,0,0,0,0,0,0,0,0,0,0,0,0,0,
0,0,0,0,0,0,0,0,23,132,0,0,0,0,0,0,0,0,0,0,0,0,0,0,0,0,0,0,0,0,0,0,
0,0,0,0,0,0,23,131,132,0,0,0,0,0,0,0,0,0,0,0,0,0,0,0,0,0,0,0,0,0,0,0,
0,0,0,0,0,0,132,0,0,0,0,0,0,0,0,0,0,0,0,0,0,0,0,0,0,0,0,0,0,0,0,0,
0,0,0,0,0,0,0,0,0,0,0,0,0,0,0,0,0,0,0,0,0,0,0,0,0,0,0,0,0,0,0,0,
0,0,0,0,0,0,0,0,0,0,0,0,0,0,0,0,0,0,0,0,0,0,0,0,0,0,0,0,0,0,0,0,
0,0,0,0,0,0,0,0,0,0,0,0,0,0,0,0,0,0,0,0,0,0,0,0,0,0,0,0,0,0,0,0,
0,0,0,0,0,0,0,0,0,0,0,0,0,0,0,0,0,0,0,0,0,0,0,0,0,0,0,0,0,0,0,0,
0,0,0,0,0,0,0,0,0,0,0,0,0,0,0,0,0,0,0,0,0,0,0,0,0,0,0,0,0,0,0,0,
0,0,0,0,0,0,0,0,0,0,0,0,0,0,0,0,0,0,0,0,0,0,0,0,0,0,0,0,0,0,0,0,
0,0,0,0,0,0,0,0,0,0,0,0,0,0,0,0,0,0,0,0,0,0,0,0,0,0,0,0,0,0,0,0,
0,0,0,0,0,0,0,0,0,0,0,0,0,0,0,0,0,0,0,0,0,0,0,0,0,0,0,0,0,0,0,0,
0,0,0,0,0,0,0,0,0,0,0,0,0,0,0,0,0,0,0,0,0,0,0,0,0,0,0,0,0,0,0,0,
0,0,0,0,0,0,0,0,0,0,0,0,0,0,0,0,0,0,0,0,0,0,0,0,0,0,0,0,0,0,0,0,
0,0,0,0,0,0,0,0,0,0,0,0,0,0,0,0,0,0,0,0,0,0,0,0,0,0,0,0,0,0,0,0

[layer]
type=object
data=
0,0,0,0,0,0,0,0,0,0,0,0,0,0,0,0,0,0,0,0,0,0,0,0,0,0,0,0,0,0,0,0,
0,0,0,0,0,0,0,0,0,0,0,0,0,0,0,0,0,0,0,0,0,0,0,0,0,0,0,0,0,0,0,0,
0,0,0,0,0,0,0,0,0,0,0,0,0,0,0,0,0,0,0,963,963,963,963,963,963,963,963,963,963,963,963,0,
0,0,0,963,963,963,970,971,963,963,963,963,0,0,0,0,0,0,0,966,0,0,0,0,0,0,0,0,0,0,965,0,
0,0,965,0,0,0,0,0,0,0,0,965,0,0,0,0,0,0,0,966,0,0,0,0,0,244,0,0,0,0,965,0,
0,0,965,0,0,0,0,0,0,0,0,965,0,0,0,0,0,0,0,966,787,788,0,0,0,0,0,0,0,769,965,0,
0,0,965,0,0,0,0,0,0,0,0,965,0,0,0,0,0,0,0,966,0,0,0,0,0,0,0,0,0,0,965,0,
0,0,965,0,0,0,0,0,0,0,0,965,0,0,0,0,0,0,0,966,0,0,0,0,0,0,0,0,0,0,965,0,
0,0,965,0,0,0,950,951,0,0,0,965,963,963,963,963,963,963,963,966,0,0,0,0,0,0,0,0,0,0,965,0,
0,0,965,0,769,0,0,0,0,0,0,0,0,0,0,0,0,0,0,0,0,0,0,0,0,0,0,0,0,0,965,0,
0,0,965,0,0,0,0,0,0,0,0,0,0,0,0,0,0,0,0,0,828,0,0,0,0,950,951,0,0,0,965,0,
0,0,965,0,0,0,0,0,0,0,0,0,0,0,0,0,0,0,0,0,0,0,0,0,0,0,0,0,0,0,965,0,
0,0,965,0,0,0,0,0,0,0,0,0,0,0,0,0,0,0,0,0,0,0,0,0,0,0,0,0,0,0,965,0,
0,0,965,962,963,963,963,963,963,963,963,963,963,963,963,963,963,0,0,0,0,0,0,0,0,0,0,0,0,0,965,0,
0,0,0,0,0,0,0,0,947,963,963,963,963,963,963,963,964,966,0,0,0,0,0,828,0,765,766,0,0,0,965,0,
0,0,0,0,886,887,888,0,0,0,0,0,0,0,0,0,0,0,0,244,0,0,0,0,0,0,0,0,0,0,965,0,
0,0,0,0,0,892,880,0,0,0,0,0,0,0,0,0,0,0,0,0,0,0,0,0,0,0,0,0,0,0,965,0,
0,0,0,0,0,885,0,0,0,0,0,0,0,0,0,0,0,0,0,0,0,0,0,0,0,0,0,0,0,0,965,0,
0,0,0,0,0,885,0,0,0,0,865,0,0,0,0,0,0,0,0,0,0,0,0,0,0,0,0,0,0,0,965,0,
0,0,0,0,0,885,0,0,0,787,788,0,0,0,0,0,0,0,0,0,0,0,0,0,0,0,0,0,0,0,965,0,
0,0,0,0,0,890,963,963,963,0,0,0,0,963,963,963,963,963,963,963,963,963,0,0,0,0,0,963,963,963,964,0,
0,0,0,0,0,0,0,0,0,966,0,0,967,0,0,0,0,0,0,0,0,0,966,0,0,0,967,0,0,0,0,0,
0,0,0,0,0,0,0,0,0,966,0,0,967,0,0,0,0,0,0,0,0,0,966,0,0,0,967,0,0,0,0,0,
0,0,0,0,0,0,0,0,0,966,0,0,967,0,0,0,0,0,0,0,0,0,966,0,0,0,967,0,0,0,0,0,
0,0,0,0,0,0,0,0,0,966,0,0,967,0,0,0,0,0,0,0,0,0,966,0,0,0,965,0,0,0,0,0,
0,0,0,0,0,0,0,0,0,966,0,0,967,0,0,0,0,0,0,0,0,0,966,0,0,0,965,0,0,0,0,0,
0,0,0,0,0,0,0,0,0,966,0,0,967,0,0,0,0,0,0,0,0,0,966,0,0,0,965,0,0,0,0,0,
0,0,0,0,0,0,0,0,0,966,0,0,967,0,0,0,0,0,0,0,0,0,966,0,0,0,965,963,963,963,963,964,
0,0,0,0,0,0,0,0,0,966,0,0,967,0,0,0,0,0,0,0,0,0,966,0,0,0,0,0,0,0,0,0,
0,0,0,0,0,0,0,0,0,969,970,971,969,0,0,0,0,0,0,0,0,0,966,0,0,0,0,0,0,0,0,0,
0,0,0,0,0,0,0,0,0,0,0,0,0,0,0,0,0,0,0,0,0,0,966,0,0,0,0,0,0,0,0,0,
0,0,0,0,0,0,0,0,0,0,0,0,0,0,0,0,0,0,0,0,0,0,963,963,963,963,963,963,963,963,963,964

[layer]
type=foreground
data=
0,0,0,0,0,0,0,0,0,0,0,0,0,0,0,0,0,0,0,0,0,0,0,0,0,0,0,0,0,0,0,0,
0,0,0,0,0,0,0,0,0,0,0,0,0,0,0,0,0,0,0,0,0,0,0,0,0,0,0,0,0,0,0,0,
0,0,0,0,0,0,0,0,0,0,0,0,0,0,0,0,0,0,0,0,0,0,0,0,0,0,0,0,0,0,0,0,
0,0,0,0,0,0,0,0,0,0,0,0,0,0,0,0,0,0,0,0,0,0,0,0,0,0,0,0,0,0,0,0,
0,0,0,0,0,0,0,0,0,0,0,0,0,0,0,0,0,0,0,0,0,0,0,0,0,0,0,0,0,0,0,0,
0,0,0,0,0,0,0,0,0,0,0,0,0,0,0,0,0,0,0,0,0,0,0,0,0,0,0,0,0,0,0,0,
0,0,0,0,0,0,0,0,0,0,0,0,0,0,0,0,0,0,0,0,0,0,0,0,0,0,0,0,0,0,0,0,
0,0,0,0,0,0,0,0,0,0,0,0,0,0,0,0,0,0,0,0,0,0,0,0,0,0,0,0,0,0,0,0,
0,0,0,0,0,0,0,0,0,0,0,0,0,0,0,0,0,0,0,0,0,0,0,0,0,0,0,0,0,0,0,0,
0,0,0,0,0,0,0,0,0,0,0,0,0,0,0,0,0,0,0,0,0,0,0,0,0,0,0,0,0,0,0,0,
0,0,0,0,0,0,0,0,0,0,0,0,0,0,0,0,0,0,0,0,0,0,0,0,0,0,0,0,0,0,0,0,
0,0,0,0,0,0,0,0,0,0,0,0,0,0,0,0,0,0,0,0,0,0,0,0,0,0,0,0,0,0,0,0,
0,0,0,0,0,0,0,0,0,0,0,0,0,0,0,0,0,0,0,0,0,0,0,0,0,0,0,0,0,0,0,0,
0,0,0,0,0,0,0,0,0,0,0,0,0,0,0,0,0,0,0,0,0,0,0,0,0,0,0,0,0,0,0,0,
0,0,0,0,0,0,0,0,0,0,0,0,0,0,0,0,0,0,0,0,0,0,0,0,0,0,0,0,0,0,0,0,
0,0,0,0,0,0,0,0,0,0,0,0,0,0,0,0,0,0,0,0,0,0,0,0,0,0,0,0,0,0,0,0,
0,0,0,0,0,0,0,0,0,0,0,0,0,0,0,0,0,0,0,0,0,0,0,0,0,0,0,0,0,0,0,0,
0,0,0,0,0,0,0,0,0,0,0,0,0,0,0,0,0,0,0,0,0,0,0,0,0,0,0,0,0,0,0,0,
0,0,0,0,0,0,0,0,0,0,0,0,0,0,0,0,0,0,0,0,0,0,0,0,0,0,0,0,0,0,0,0,
0,0,0,0,0,0,0,0,0,0,0,0,0,0,0,0,0,0,0,0,0,0,0,0,0,0,0,0,0,0,0,0,
0,0,0,0,0,0,0,0,0,0,0,0,0,0,0,0,0,0,0,0,0,0,0,0,0,0,0,0,0,0,965,0,
0,0,0,0,0,0,0,0,0,0,0,0,0,0,0,0,0,0,0,0,0,0,0,0,0,0,0,0,0,0,0,0,
0,0,0,0,0,0,0,0,0,0,0,0,0,0,0,0,0,0,0,0,0,0,0,0,0,0,0,0,0,0,0,0,
0,0,0,0,0,0,0,0,0,0,0,0,0,0,0,0,0,0,0,0,0,0,0,0,0,0,0,0,0,0,0,0,
0,0,0,0,0,0,0,0,0,0,0,0,0,0,0,0,0,0,0,0,0,0,0,0,0,0,0,0,0,0,0,0,
0,0,0,0,0,0,0,0,0,0,0,0,0,0,0,0,0,0,0,0,0,0,0,0,0,0,0,0,0,0,0,0,
0,0,0,0,0,0,0,0,0,0,0,0,0,0,0,0,0,0,0,0,0,0,0,0,0,0,0,0,0,0,0,0,
0,0,0,0,0,0,0,0,0,0,0,0,0,0,0,0,0,0,0,0,0,0,0,0,0,0,0,0,0,0,0,0,
0,0,0,0,0,0,0,0,0,0,0,0,0,0,0,0,0,0,0,0,0,0,0,0,0,0,0,0,0,0,0,0,
0,0,0,0,0,0,0,0,0,966,0,0,967,0,0,0,0,0,0,0,0,0,0,0,0,0,0,0,0,0,0,0,
0,0,0,0,0,0,0,0,0,0,0,0,0,0,0,0,0,0,0,0,0,0,0,0,0,0,0,0,0,0,0,0,
0,0,0,0,0,0,0,0,0,0,0,0,0,0,0,0,0,0,0,0,0,0,966,0,0,0,0,0,0,0,0,0

[layer]
type=collision
data=
0,0,0,0,0,0,0,0,0,0,0,0,0,0,0,0,0,0,0,0,0,0,0,0,0,0,0,0,0,0,0,0,
0,0,0,0,0,0,0,0,0,0,0,0,0,0,0,0,0,0,0,0,0,0,0,0,0,0,0,0,0,0,0,0,
0,0,0,0,0,3,3,3,3,0,0,0,0,0,0,0,0,0,0,1,1,1,1,1,1,1,1,1,1,1,1,0,
0,0,0,1,1,1,0,0,1,1,1,1,0,0,0,0,0,0,0,1,0,0,0,0,0,0,0,0,0,0,1,0,
0,0,0,1,0,0,0,0,0,0,0,1,0,0,0,0,0,0,0,1,0,0,0,0,0,3,0,0,0,0,1,0,
0,0,0,1,0,0,0,0,0,0,0,1,0,0,0,0,0,0,0,1,3,3,0,0,0,0,0,0,0,3,1,0,
0,0,0,1,0,0,0,0,0,0,0,1,0,0,0,0,0,0,0,1,0,0,0,0,0,0,0,0,0,0,1,0,
0,0,0,1,0,0,0,0,0,0,0,1,0,0,0,0,0,0,0,1,0,0,0,0,0,0,0,0,0,0,1,0,
0,0,0,1,0,0,1,1,0,0,0,1,1,1,1,1,1,1,1,1,0,0,0,0,0,0,0,0,0,0,1,0,
0,0,0,1,3,0,0,0,0,0,0,0,0,0,0,0,0,0,0,0,0,0,0,0,0,0,0,0,0,0,1,0,
0,0,0,1,0,0,0,0,0,0,0,0,0,0,0,0,0,0,0,0,3,0,0,0,0,1,1,0,0,0,1,0,
0,0,0,1,0,0,0,0,0,0,0,0,0,0,0,0,0,0,0,0,0,0,0,0,0,0,0,0,0,0,1,0,
0,0,0,1,0,0,0,0,0,0,0,0,0,0,0,0,0,0,0,0,0,0,0,0,0,0,0,0,0,0,1,0,
0,0,0,1,1,1,1,1,1,1,1,1,1,1,1,1,1,1,0,0,0,0,0,0,0,0,0,0,0,0,1,0,
0,0,0,0,0,0,1,4,1,1,1,1,1,1,1,1,1,1,0,0,0,0,0,3,0,3,3,0,0,0,1,0,
0,0,0,0,0,0,1,4,4,2,0,0,0,0,0,0,0,0,0,3,0,0,0,0,0,0,0,0,0,0,1,0,
0,0,0,0,0,1,1,4,2,2,0,0,0,0,0,0,0,0,0,0,0,0,0,0,0,0,0,0,0,0,1,0,
0,0,0,0,0,1,4,4,2,2,0,0,0,0,0,0,0,0,0,0,0,0,0,0,0,0,0,0,0,0,1,0,
0,0,0,0,0,1,4,4,2,2,3,0,0,0,0,0,0,0,0,0,0,0,0,0,0,0,0,0,0,0,1,0,
0,0,0,0,0,1,2,2,2,3,3,0,0,0,0,0,0,0,0,0,0,0,0,0,0,0,0,0,0,0,1,0,
0,0,0,0,0,1,1,1,1,1,0,0,1,1,1,1,1,1,1,1,1,1,1,0,0,0,1,1,1,1,1,0,
0,0,0,0,0,0,0,0,0,1,0,0,1,0,0,0,0,0,0,0,0,0,1,0,0,0,1,0,0,0,0,0,
0,0,0,0,0,0,0,0,0,1,0,0,1,0,0,0,0,0,0,0,0,0,1,0,0,0,1,0,0,0,0,0,
0,0,0,0,0,0,0,0,0,1,0,0,1,0,0,0,0,0,0,0,0,0,1,0,0,0,1,0,0,0,0,0,
0,0,0,0,0,0,0,0,0,1,0,0,1,0,0,0,0,0,0,0,0,0,1,0,0,0,1,0,0,0,0,0,
0,0,0,0,0,0,0,0,0,1,0,0,1,0,0,0,0,0,0,0,0,0,1,0,0,0,1,0,0,0,0,0,
0,0,0,0,0,0,0,0,0,1,0,0,1,0,0,0,0,0,0,0,0,0,1,0,0,0,1,0,0,0,0,0,
0,0,0,0,0,0,0,0,0,1,0,0,1,0,0,0,0,0,0,0,0,0,1,0,0,0,1,1,1,1,1,1,
0,0,0,0,0,0,0,0,0,1,0,0,1,0,0,0,0,0,0,0,0,0,1,0,0,0,0,0,0,0,0,0,
0,0,0,0,0,0,0,0,0,1,0,0,1,0,0,0,0,0,0,0,0,0,1,0,0,0,0,0,0,0,0,0,
0,0,0,0,0,0,0,0,0,3,3,3,3,0,0,0,0,0,0,0,0,0,1,0,0,0,0,0,0,0,0,0,
0,0,0,0,0,0,0,0,0,0,0,0,0,0,0,0,0,0,0,0,0,0,1,1,1,1,1,1,1,1,1,1

[event]
# Teleport to Basement5
type=teleport
location=31,28,1,3
intermap=basement5.txt,1,7

[event]
# Teleport to Basement B
type=teleport
location=10,29,2,1
intermap=basementb.txt

[event]
# Alert
type=run_once
location=10,18,1,1
hotspot=location
msg="Leftover material from blasting is unstable due to cave-ins!  Do not approach!"
tooltip=Sign

[event]
# Teleport to Basement7
type=teleport
location=6,3,2,1
intermap=basement7.txt

[enemy]
# bomb
type=ghostbomb
location=10,25,1,1

[enemy]
# bomb
type=ghostbomb
location=11,25,1,1

[enemygroup]
# 3 Skeletons
type=skeleton
location=22,6,3,4
level=2,2
number=3,3

[enemygroup]
# 3 Ruby Snakes
type=rubysnake
location=10,15,4,3
level=1,1
number=3,3

[enemygroup]
# 4 Slimes
type=slime
location=8,6,2,5
level=1,1
number=4,4

