[header]
width=32
height=32
tileset=town.txt
title=Castle Hall

[layer]
type=background
data=
101,151,101,101,101,101,101,101,101,101,101,101,101,101,101,508,509,509,510,101,101,101,101,101,101,101,101,101,101,101,101,101,
101,101,101,101,101,101,101,101,101,101,101,151,101,101,101,508,509,509,510,101,101,101,101,101,101,101,101,101,101,101,101,101,
101,101,154,101,101,151,101,101,101,101,101,101,151,101,101,508,509,509,510,101,101,101,101,101,101,101,101,101,101,151,101,101,
101,101,101,101,101,101,101,154,101,101,101,101,101,101,101,535,536,536,537,101,101,101,101,154,101,101,101,101,101,101,101,101,
101,101,101,101,101,101,101,101,101,101,101,101,101,101,101,674,674,674,674,101,101,101,101,101,101,101,101,101,101,101,101,101,
101,101,101,101,101,101,101,101,101,101,101,101,101,101,101,674,674,674,674,101,101,101,101,101,101,101,101,101,101,101,101,101,
101,101,101,101,101,101,101,101,101,101,101,101,101,101,101,674,674,674,674,101,101,101,101,101,101,101,154,101,101,101,101,101,
101,101,101,101,101,101,101,101,101,101,101,101,101,101,101,674,674,674,674,101,101,101,101,101,101,101,101,101,101,151,101,101,
101,101,101,101,101,101,101,101,101,101,101,101,101,101,101,674,674,674,674,101,101,101,151,101,101,101,101,101,101,151,101,101,
482,482,482,483,674,674,674,674,674,674,674,674,674,674,674,674,674,674,674,101,101,101,101,101,101,101,101,101,101,101,101,101,
509,509,509,510,674,674,674,674,674,674,674,674,674,674,674,674,674,674,674,101,101,101,101,101,101,101,101,101,101,101,101,101,
509,509,509,510,674,674,674,674,674,674,674,674,674,674,674,674,674,674,674,101,101,101,101,101,101,101,101,101,101,101,101,101,
536,536,536,537,674,674,674,674,674,674,674,674,674,674,674,674,674,674,674,101,101,101,101,101,101,151,101,101,101,101,101,101,
101,101,101,101,101,101,101,101,101,101,101,101,101,101,101,674,674,674,674,101,101,101,151,101,101,101,101,101,101,101,101,101,
101,101,101,101,101,101,101,101,101,101,101,101,101,101,101,674,674,674,674,101,101,101,101,101,154,101,101,101,101,101,101,101,
101,101,101,101,101,101,101,101,101,101,101,101,101,101,101,674,674,674,674,101,101,101,101,101,154,101,101,101,101,101,101,101,
101,101,101,151,101,101,101,101,101,101,101,151,101,101,101,674,674,674,674,101,101,101,101,101,101,101,101,101,101,101,101,101,
101,101,101,101,101,101,101,154,101,101,101,101,101,101,101,674,674,674,674,101,101,101,101,101,101,101,101,101,154,101,101,101,
101,154,101,101,101,101,101,154,101,101,101,101,101,101,101,674,674,674,674,101,101,101,101,101,101,101,101,101,101,101,101,101,
101,101,101,101,101,101,101,101,101,101,101,101,101,101,101,674,674,674,674,101,101,101,101,101,101,101,101,101,101,101,101,101,
101,101,101,101,101,154,101,101,151,101,101,101,101,101,101,674,674,674,674,101,101,101,101,101,101,101,101,101,101,101,101,101,
101,101,101,101,101,101,101,101,101,101,101,101,101,101,101,674,674,674,674,101,101,101,101,101,101,101,101,101,101,101,101,101,
101,151,101,101,101,101,101,101,101,101,101,101,101,101,101,674,674,674,674,101,101,101,101,101,101,101,101,101,101,101,101,101,
101,101,101,101,101,101,101,101,101,101,151,101,101,101,101,674,674,674,674,101,101,101,101,101,101,101,101,101,101,101,101,101,
101,101,101,101,101,101,101,101,101,101,101,101,101,101,101,674,674,674,674,101,101,101,101,101,101,101,101,101,101,101,101,101,
101,101,101,101,154,101,101,101,101,101,101,101,101,101,101,674,674,674,674,674,674,674,674,674,674,674,674,481,482,482,482,482,
101,101,101,101,154,101,101,101,101,151,101,101,101,101,101,674,674,674,674,674,674,674,674,674,674,674,674,508,509,509,509,509,
101,101,101,101,101,101,101,101,101,101,101,101,101,101,101,674,674,674,674,674,674,674,674,674,674,674,674,508,509,509,509,509,
101,101,101,101,101,101,101,101,101,101,101,154,101,101,101,674,674,674,674,674,674,674,674,674,674,674,674,535,536,536,536,536,
101,101,154,101,101,101,151,101,101,101,101,101,101,101,101,101,101,101,101,101,101,101,101,101,101,101,101,101,101,101,101,101,
101,101,101,101,101,101,101,101,101,101,101,101,101,101,101,101,101,101,101,101,101,101,101,101,101,101,101,101,101,101,101,101,
101,101,101,101,101,101,101,101,101,101,101,101,101,101,101,101,101,101,101,101,101,101,101,101,101,101,101,101,101,101,101,101

[layer]
type=object
data=
0,0,0,0,0,0,0,0,0,0,0,0,0,0,916,0,0,0,0,917,0,0,0,0,0,0,0,0,0,0,0,0,
0,0,0,0,0,0,217,0,0,244,0,0,0,0,916,0,0,0,0,917,0,0,0,244,0,0,0,0,217,0,0,0,
0,0,0,0,0,0,0,0,0,0,0,0,0,0,916,0,286,0,0,917,0,0,0,0,0,0,0,0,0,0,0,0,
0,0,0,0,245,0,0,0,0,0,0,0,0,0,916,0,0,0,0,917,0,0,0,0,0,0,0,0,0,0,0,0,
0,0,0,0,0,0,0,0,0,0,0,0,0,0,916,0,0,0,0,917,0,0,0,0,0,0,0,0,0,0,0,0,
0,0,0,0,0,0,0,0,0,0,0,0,0,0,916,0,0,0,0,917,0,0,0,0,0,0,0,0,244,0,0,0,
0,0,0,0,0,0,0,0,0,0,0,0,0,0,916,0,0,0,0,917,0,0,0,0,0,0,0,0,0,0,0,0,
0,0,0,0,0,0,0,0,0,0,0,0,0,0,916,0,0,0,0,917,0,0,0,245,0,0,0,0,0,0,0,0,
900,900,900,900,900,900,900,900,900,900,900,900,900,900,913,0,0,0,0,917,0,0,0,0,0,0,0,0,0,0,0,0,
0,0,0,0,0,0,0,0,259,0,0,0,0,0,0,0,0,0,286,917,0,0,0,0,0,245,0,0,0,0,0,0,
0,0,0,0,0,0,0,0,0,0,0,0,0,0,0,0,0,0,0,917,0,0,0,0,0,0,0,0,0,217,0,0,
0,0,0,0,0,0,0,0,0,0,0,0,0,0,0,0,0,0,0,917,0,0,0,0,0,0,0,0,0,0,0,0,
0,0,0,0,0,0,0,0,0,0,0,0,0,0,0,0,0,0,0,917,0,0,217,0,0,0,0,0,0,0,0,0,
900,900,900,900,900,900,900,900,900,900,900,900,900,900,919,0,0,0,0,917,0,0,0,244,0,0,0,0,0,244,0,0,
0,0,0,0,0,0,0,0,0,0,0,0,0,0,917,0,0,0,0,917,0,0,0,0,0,0,0,0,0,0,0,0,
0,0,0,244,0,0,0,0,0,0,0,0,0,0,917,0,0,0,0,917,0,0,0,0,0,0,0,0,0,0,0,0,
0,0,0,0,0,0,0,0,0,0,0,0,0,0,917,0,0,0,0,917,0,0,0,0,0,0,0,0,0,0,0,0,
0,0,0,0,0,0,0,0,0,244,0,0,0,0,917,0,0,0,0,917,0,0,0,0,0,0,0,0,0,0,0,0,
0,0,0,0,0,0,0,0,0,0,0,0,0,0,917,0,0,0,0,917,0,0,0,0,0,244,0,0,0,0,0,0,
0,0,0,245,0,0,0,0,0,0,0,0,0,0,917,0,0,0,286,917,0,0,0,0,0,0,0,0,0,0,0,0,
0,0,0,0,0,0,0,0,0,0,0,0,0,0,917,0,0,0,0,917,0,0,0,0,0,0,0,0,0,0,0,0,
0,0,0,0,0,0,0,0,0,0,245,0,0,244,917,0,0,0,0,917,0,0,0,0,0,0,0,0,0,0,0,0,
0,0,0,244,0,0,0,0,0,0,0,0,0,0,917,0,259,0,0,917,0,0,0,0,0,0,0,0,0,0,0,0,
0,0,0,0,0,0,245,0,0,0,0,0,0,0,917,0,0,0,0,917,0,0,0,0,0,0,0,0,0,0,0,0,
0,0,0,0,0,0,0,0,0,0,0,0,0,0,917,0,0,0,0,899,900,900,900,900,900,900,900,900,900,900,900,900,
0,0,0,0,0,0,0,0,0,0,0,0,0,0,917,0,0,0,0,0,0,0,0,0,0,0,0,0,0,0,0,0,
0,0,0,0,0,0,0,0,0,244,0,0,0,0,917,0,0,0,0,0,0,0,0,0,0,0,0,0,0,0,0,0,
0,0,0,0,0,244,0,0,0,0,0,0,0,0,917,0,0,0,0,0,0,0,0,0,0,0,0,0,0,0,0,0,
0,0,0,0,0,0,0,0,0,0,0,0,0,0,917,0,0,0,0,0,0,0,0,0,0,0,0,0,0,0,0,0,
0,0,0,0,0,0,0,0,0,0,0,0,0,0,899,900,900,900,900,900,900,900,900,900,900,900,900,900,900,900,900,900,
0,0,0,0,0,0,0,0,0,244,0,0,0,0,0,0,0,0,0,0,0,0,0,0,0,0,0,0,0,0,0,0,
0,0,0,0,0,0,0,0,0,0,0,0,0,0,0,0,0,0,0,0,0,0,0,0,0,0,0,0,0,0,0,0

[layer]
type=collision
data=
0,0,0,0,0,0,0,0,0,0,0,0,0,0,1,0,0,0,0,1,0,0,0,0,0,0,0,0,0,0,0,0,
0,0,0,0,0,0,0,0,0,0,0,0,0,0,1,0,0,0,0,1,0,0,0,0,0,0,0,0,0,0,0,0,
0,0,0,0,0,0,0,0,0,0,0,0,0,0,1,0,4,0,0,1,0,0,0,0,0,0,0,0,0,0,0,0,
0,0,0,0,0,0,0,0,0,0,0,0,0,0,1,0,0,0,0,1,0,0,0,0,0,0,0,0,0,0,0,0,
0,0,0,0,0,0,0,0,0,0,0,0,0,0,1,0,0,0,0,1,0,0,0,0,0,0,0,0,0,0,0,0,
0,0,0,0,0,0,0,0,0,0,0,0,0,0,1,0,0,0,0,1,0,0,0,0,0,0,0,0,0,0,0,0,
0,0,0,0,0,0,0,0,0,0,0,0,0,0,1,0,0,0,0,1,0,0,0,0,0,0,0,0,0,0,0,0,
0,0,0,0,0,0,0,0,0,0,0,0,0,0,1,0,0,0,0,1,0,0,0,0,0,0,0,0,0,0,0,0,
1,1,1,1,1,1,1,1,1,1,1,1,1,1,1,0,0,0,0,1,0,0,0,0,0,0,0,0,0,0,0,0,
0,0,0,0,0,0,0,0,4,0,0,0,0,0,0,0,0,0,4,1,0,0,0,0,0,0,0,0,0,0,0,0,
0,0,0,0,0,0,0,0,0,0,0,0,0,0,0,0,0,0,0,1,0,0,0,0,0,0,0,0,0,0,0,0,
0,0,0,0,0,0,0,0,0,0,0,0,0,0,0,0,0,0,0,1,0,0,0,0,0,0,0,0,0,0,0,0,
0,0,0,0,0,0,0,0,0,0,0,0,0,0,0,0,0,0,0,1,0,0,0,0,0,0,0,0,0,0,0,0,
1,1,1,1,1,1,1,1,1,1,1,1,1,1,1,0,0,0,0,1,0,0,0,0,0,0,0,0,0,0,0,0,
0,0,0,0,0,0,0,0,0,0,0,0,0,0,1,0,0,0,0,1,0,0,0,0,0,0,0,0,0,0,0,0,
0,0,0,0,0,0,0,0,0,0,0,0,0,0,1,0,0,0,0,1,0,0,0,0,0,0,0,0,0,0,0,0,
0,0,0,0,0,0,0,0,0,0,0,0,0,0,1,0,0,0,0,1,0,0,0,0,0,0,0,0,0,0,0,0,
0,0,0,0,0,0,0,0,0,0,0,0,0,0,1,0,0,0,0,1,0,0,0,0,0,0,0,0,0,0,0,0,
0,0,0,0,0,0,0,0,0,0,0,0,0,0,1,0,0,0,0,1,0,0,0,0,0,0,0,0,0,0,0,0,
0,0,0,0,0,0,0,0,0,0,0,0,0,0,1,0,0,0,4,1,0,0,0,0,0,0,0,0,0,0,0,0,
0,0,0,0,0,0,0,0,0,0,0,0,0,0,1,0,0,0,0,1,0,0,0,0,0,0,0,0,0,0,0,0,
0,0,0,0,0,0,0,0,0,0,0,0,0,0,1,0,0,0,0,1,0,0,0,0,0,0,0,0,0,0,0,0,
0,0,0,0,0,0,0,0,0,0,0,0,0,0,1,0,4,0,0,1,0,0,0,0,0,0,0,0,0,0,0,0,
0,0,0,0,0,0,0,0,0,0,0,0,0,0,1,0,0,0,0,1,0,0,0,0,0,0,0,0,0,0,0,0,
0,0,0,0,0,0,0,0,0,0,0,0,0,0,1,0,0,0,0,1,1,1,1,1,1,1,1,1,1,1,1,1,
0,0,0,0,0,0,0,0,0,0,0,0,0,0,1,0,0,0,0,0,0,0,0,0,0,0,0,0,0,0,0,0,
0,0,0,0,0,0,0,0,0,0,0,0,0,0,1,0,0,0,0,0,0,0,0,0,0,0,0,0,0,0,0,0,
0,0,0,0,0,0,0,0,0,0,0,0,0,0,1,0,0,0,0,0,0,0,0,0,0,0,0,0,0,0,0,0,
0,0,0,0,0,0,0,0,0,0,0,0,0,0,1,0,0,0,0,0,0,0,0,0,0,0,0,0,0,0,0,0,
0,0,0,0,0,0,0,0,0,0,0,0,0,0,1,1,1,1,1,1,1,1,1,1,1,1,1,1,1,1,1,1,
0,0,0,0,0,0,0,0,0,0,0,0,0,0,0,0,0,0,0,0,0,0,0,0,0,0,0,0,0,0,0,0,
0,0,0,0,0,0,0,0,0,0,0,0,0,0,0,0,0,0,0,0,0,0,0,0,0,0,0,0,0,0,0,0

[enemygroup]
# 2 ghosts
type=ghost
location=15,7,4,2
level=1,1
number=2,2

[enemygroup]
# 2 Venom bats
type=venombat
location=15,5,4,2
level=3,3
number=2,2

[enemy]
# Target
type=ghostbomb
location=15,14,1,1

[enemy]
# Target
type=ghostbomb
location=18,15,1,1

[enemy]
# Target
type=ghostbomb
location=17,15,1,1

[enemy]
# Target
type=ghostbomb
location=16,15,1,1

[enemy]
# Target
type=ghostbomb
location=15,15,1,1

[enemy]
# Target
type=ghostbomb
location=18,14,1,1

[enemy]
# Target
type=ghostbomb
location=17,14,1,1

[enemy]
# Target
type=ghostbomb
location=16,14,1,1

[event]
# Teleport to Castle3
type=teleport
location=31,25,1,4
intermap=castle3.txt,1,22

[event]
# Teleport to Castle6
type=teleport
location=15,0,4,1
intermap=castle6.txt

[event]
# Teleport to CastleC
type=teleport
location=0,9,1,4
intermap=castlec.txt

[event]
# Alert
type=run_once
location=27,25,1,4
msg=Violent bombs ahead!

[event]
# Alert
type=run_once
location=19,25,1,4
msg=Destroy them from afar to defuse them!

