[header]
width=32
height=32
tileset=inside.txt
title=Castle Basement
music=mysticaltheme.ogg

[layer]
type=background
data=
158,158,158,158,158,158,158,158,158,158,158,158,158,158,158,158,158,158,158,158,158,158,158,158,158,158,158,158,158,158,158,158,
158,158,158,158,158,158,158,158,158,158,158,158,158,158,158,158,158,158,158,158,158,158,158,158,158,158,158,158,158,158,158,158,
158,158,158,158,158,158,158,158,158,158,158,158,158,158,158,158,158,158,158,158,158,158,158,158,158,158,158,158,158,158,158,158,
158,158,158,158,158,158,158,158,158,158,158,158,158,158,158,158,158,158,158,158,158,158,158,158,158,158,158,158,158,158,158,158,
158,158,158,158,158,158,158,158,158,158,158,158,158,158,158,158,158,158,158,158,158,158,158,158,158,158,158,158,158,158,158,158,
158,158,158,158,158,158,158,158,158,158,158,158,158,158,158,158,158,158,158,158,158,158,158,158,158,158,158,158,158,158,158,158,
158,158,158,158,158,158,158,158,158,158,158,158,158,158,158,158,158,158,158,158,158,158,158,158,158,158,158,158,158,158,158,158,
158,158,158,158,158,158,158,158,158,158,158,158,158,158,158,158,158,158,158,158,158,158,158,158,158,158,158,158,158,158,158,158,
158,158,158,158,158,158,158,158,158,158,158,158,158,158,158,158,158,158,158,158,158,158,158,158,158,158,158,158,158,158,158,158,
158,158,158,158,158,158,158,158,158,158,158,158,158,158,158,158,158,158,158,158,158,158,158,158,158,158,158,158,158,158,158,158,
158,158,158,158,158,158,158,158,158,158,158,158,158,158,158,158,158,158,158,158,158,158,158,158,158,158,158,158,158,158,158,158,
158,158,158,158,158,158,158,158,158,158,158,158,158,158,158,158,158,158,158,158,158,158,158,158,158,158,158,158,158,158,158,158,
158,158,158,158,158,158,158,158,158,158,158,158,158,158,158,158,158,158,158,158,158,158,158,158,158,158,158,158,158,158,158,158,
158,158,158,158,158,158,158,158,158,158,158,158,158,158,158,158,158,158,158,158,158,158,158,158,158,158,158,158,158,158,158,158,
344,344,344,344,344,674,674,674,674,674,674,674,674,674,674,674,674,674,674,674,674,674,674,158,158,158,158,158,158,158,158,158,
397,344,399,344,398,674,674,674,674,674,674,674,674,674,674,674,701,674,674,674,674,674,674,158,158,158,158,158,158,158,158,158,
344,344,344,344,344,674,674,674,674,675,674,701,674,674,702,674,674,675,674,674,674,674,674,158,158,158,158,158,158,158,158,158,
344,344,344,344,344,674,674,674,674,674,674,611,701,675,612,674,674,701,674,701,613,674,674,158,158,158,158,158,158,158,158,158,
344,344,344,344,344,674,674,674,674,674,674,674,674,674,674,674,674,639,674,674,701,675,674,158,158,158,158,158,158,158,158,158,
158,158,158,158,158,158,158,158,158,674,701,674,674,674,639,674,674,674,639,674,640,674,674,158,158,158,158,158,158,158,158,158,
158,158,158,158,158,158,158,158,158,674,674,638,674,674,674,674,674,674,674,674,674,674,674,158,158,158,158,158,158,158,158,158,
158,158,158,158,158,158,158,158,158,674,674,674,674,639,674,701,674,675,675,675,675,701,674,158,158,158,158,158,158,158,158,158,
158,158,158,158,158,158,158,158,158,701,674,674,674,674,674,639,674,675,617,615,675,674,674,158,158,158,158,158,158,158,158,158,
158,158,158,158,158,158,158,158,158,674,674,674,639,674,674,674,674,675,590,588,675,674,674,158,158,158,158,158,158,158,158,158,
158,158,158,158,158,158,158,158,158,674,674,674,701,674,674,674,639,675,675,675,675,674,674,158,158,158,158,158,158,158,158,158,
158,158,158,158,158,158,158,158,158,674,674,665,674,674,666,674,701,674,674,674,667,674,674,158,158,158,158,158,158,158,158,158,
158,158,158,158,158,158,158,158,158,674,674,675,674,674,701,674,674,674,675,674,674,675,674,158,158,158,158,158,158,158,158,158,
158,158,158,158,158,158,158,158,158,674,674,674,674,674,674,674,674,674,674,674,674,674,674,158,158,158,158,158,158,158,158,158,
158,158,158,158,158,158,158,158,158,674,674,674,674,674,674,674,674,674,674,674,674,674,674,158,158,158,158,158,158,158,158,158,
158,158,158,158,158,158,158,158,158,674,674,674,674,674,674,674,674,674,674,674,674,674,674,158,158,158,158,158,158,158,158,158,
158,158,158,158,158,158,158,158,158,674,674,674,674,674,674,674,674,674,674,674,674,674,674,158,158,158,158,158,158,158,158,158,
158,158,158,158,158,158,158,158,158,158,158,158,158,158,158,158,158,158,158,158,158,158,158,158,158,158,158,158,158,158,158,158

[layer]
type=object
data=
0,0,0,0,0,0,0,0,0,0,0,0,0,0,0,0,0,0,0,0,0,0,0,0,0,0,0,0,0,0,0,0,
0,0,0,0,0,0,0,0,0,0,0,0,0,0,0,0,0,0,0,0,0,0,0,0,0,0,0,0,0,0,0,0,
0,0,0,0,0,0,0,0,0,0,0,0,0,0,0,0,0,0,0,0,0,0,0,0,0,0,0,0,0,0,0,0,
0,0,0,0,0,0,0,0,0,0,0,0,0,0,0,0,0,0,0,0,0,0,0,0,0,0,0,0,0,0,0,0,
0,0,0,0,0,0,0,0,0,0,0,0,0,0,0,0,0,0,0,0,0,0,0,0,0,0,0,0,0,0,0,0,
0,0,0,0,0,0,0,0,0,0,0,0,0,0,0,0,0,0,0,0,0,0,0,0,0,0,0,0,0,0,0,0,
0,0,0,0,0,0,0,0,0,0,0,0,0,0,0,0,0,0,0,0,0,0,0,0,0,0,0,0,0,0,0,0,
0,0,0,0,0,0,0,0,0,0,0,0,0,0,0,0,0,0,0,0,0,0,0,0,0,0,0,0,0,0,0,0,
0,0,0,0,0,0,0,0,0,0,0,0,0,0,0,0,0,0,0,0,0,0,0,0,0,0,0,0,0,0,0,0,
0,0,0,0,0,0,0,0,0,0,0,0,0,0,0,0,0,0,0,0,0,0,0,0,0,0,0,0,0,0,0,0,
0,0,0,0,0,0,0,0,0,0,0,0,0,0,0,0,0,0,0,0,0,0,0,0,0,0,0,0,0,0,0,0,
0,0,0,0,0,0,0,0,0,0,0,0,0,0,0,0,0,0,0,0,0,0,0,0,0,0,0,0,0,0,0,0,
0,0,0,0,0,0,0,0,0,0,0,0,0,0,0,0,0,0,0,0,0,0,0,0,0,0,0,0,0,0,0,0,
0,0,0,0,0,0,0,0,0,0,0,0,0,0,0,0,0,0,0,0,0,0,0,0,0,0,0,0,0,0,0,0,
899,900,900,900,900,900,900,900,900,900,900,900,900,900,900,900,900,900,900,900,900,900,900,903,0,0,0,0,0,0,0,0,
0,0,0,0,0,0,0,0,0,0,0,0,0,0,0,0,0,0,0,0,0,0,179,903,0,0,0,0,0,0,0,0,
0,0,0,0,0,0,0,0,0,0,0,0,0,0,0,0,286,0,0,259,0,0,0,903,0,0,0,0,0,0,0,0,
0,0,0,0,0,0,0,0,0,0,0,0,0,0,0,0,0,0,0,0,0,0,0,903,0,0,0,0,0,0,0,0,
0,0,0,0,0,0,0,0,0,0,0,0,259,0,0,0,0,0,0,0,0,0,0,903,0,0,0,0,0,0,0,0,
899,900,900,900,900,900,900,900,901,0,0,0,0,0,0,0,0,0,0,0,0,0,0,903,0,0,0,0,0,0,0,0,
0,0,0,0,0,0,0,0,902,0,0,0,0,0,0,0,0,0,0,0,0,0,0,903,0,0,0,0,0,0,0,0,
0,0,0,0,0,0,0,0,902,286,0,0,0,0,0,929,930,259,0,0,0,0,0,903,0,0,0,0,0,0,0,0,
0,0,0,0,0,0,0,0,902,0,0,0,0,0,0,0,0,0,0,0,0,259,0,903,0,0,0,0,0,0,0,0,
0,0,0,0,0,0,0,0,902,0,0,0,0,0,0,0,0,0,0,0,0,0,0,903,0,0,0,0,0,0,0,0,
0,0,0,0,0,0,0,0,902,0,0,259,0,0,0,0,0,0,0,0,0,0,0,903,0,0,0,0,0,0,0,0,
0,0,0,0,0,0,0,0,902,0,0,0,0,0,0,0,0,0,0,0,0,0,0,903,0,0,0,0,0,0,0,0,
0,0,0,0,0,0,0,0,902,0,0,0,0,0,0,0,0,0,286,0,0,0,0,903,0,0,0,0,0,0,0,0,
0,0,0,0,0,0,0,0,902,0,0,0,0,0,0,0,0,0,0,0,0,0,0,903,0,0,0,0,0,0,0,0,
0,0,0,0,0,0,0,0,902,0,0,0,0,0,0,0,0,0,0,0,0,931,932,903,0,0,0,0,0,0,0,0,
0,0,0,0,0,0,0,0,902,0,0,0,0,0,0,0,0,0,0,0,0,0,0,903,0,0,0,0,0,0,0,0,
0,0,0,0,0,0,0,0,902,0,0,0,0,0,0,0,0,0,0,0,0,0,0,903,0,0,0,0,0,0,0,0,
0,0,0,0,0,0,0,0,0,900,900,900,900,900,900,907,908,900,900,900,900,900,900,0,0,0,0,0,0,0,0,0

[layer]
type=collision
data=
0,0,0,0,0,0,0,0,0,0,0,0,0,0,0,0,0,0,0,0,0,0,0,0,0,0,0,0,0,0,0,0,
0,0,0,0,0,0,0,0,0,0,0,0,0,0,0,0,0,0,0,0,0,0,0,0,0,0,0,0,0,0,0,0,
0,0,0,0,0,0,0,0,0,0,0,0,0,0,0,0,0,0,0,0,0,0,0,0,0,0,0,0,0,0,0,0,
0,0,0,0,0,0,0,0,0,0,0,0,0,0,0,0,0,0,0,0,0,0,0,0,0,0,0,0,0,0,0,0,
0,0,0,0,0,0,0,0,0,0,0,0,0,0,0,0,0,0,0,0,0,0,0,0,0,0,0,0,0,0,0,0,
0,0,0,0,0,0,0,0,0,0,0,0,0,0,0,0,0,0,0,0,0,0,0,0,0,0,0,0,0,0,0,0,
0,0,0,0,0,0,0,0,0,0,0,0,0,0,0,0,0,0,0,0,0,0,0,0,0,0,0,0,0,0,0,0,
0,0,0,0,0,0,0,0,0,0,0,0,0,0,0,0,0,0,0,0,0,0,0,0,0,0,0,0,0,0,0,0,
0,0,0,0,0,0,0,0,0,0,0,0,0,0,0,0,0,0,0,0,0,0,0,0,0,0,0,0,0,0,0,0,
0,0,0,0,0,0,0,0,0,0,0,0,0,0,0,0,0,0,0,0,0,0,0,0,0,0,0,0,0,0,0,0,
0,0,0,0,0,0,0,0,0,0,0,0,0,0,0,0,0,0,0,0,0,0,0,0,0,0,0,0,0,0,0,0,
0,0,0,0,0,0,0,0,0,0,0,0,0,0,0,0,0,0,0,0,0,0,0,0,0,0,0,0,0,0,0,0,
0,0,0,0,0,0,0,0,0,0,0,0,0,0,0,0,0,0,0,0,0,0,0,0,0,0,0,0,0,0,0,0,
0,0,0,0,0,0,0,0,0,0,0,0,0,0,0,0,0,0,0,0,0,0,0,0,0,0,0,0,0,0,0,0,
1,1,1,1,1,1,1,1,1,1,1,1,1,1,1,1,1,1,1,1,1,1,1,1,0,0,0,0,0,0,0,0,
0,0,0,0,0,0,0,0,0,0,0,0,0,0,0,0,0,0,0,0,0,0,3,1,0,0,0,0,0,0,0,0,
0,0,0,0,0,0,0,0,0,0,0,0,0,0,0,0,4,0,0,4,0,0,0,1,0,0,0,0,0,0,0,0,
0,0,0,0,0,0,0,0,0,0,0,0,0,0,0,0,0,0,0,0,0,0,0,1,0,0,0,0,0,0,0,0,
0,0,0,0,0,0,0,0,0,0,0,0,4,0,0,0,0,0,0,0,0,0,0,1,0,0,0,0,0,0,0,0,
1,1,1,1,1,1,1,1,1,0,0,0,0,0,0,0,0,0,0,0,0,0,0,1,0,0,0,0,0,0,0,0,
0,0,0,0,0,0,0,0,1,0,0,0,0,0,0,0,0,0,0,0,0,0,0,1,0,0,0,0,0,0,0,0,
0,0,0,0,0,0,0,0,1,4,0,0,0,0,0,0,0,4,0,0,0,0,0,1,0,0,0,0,0,0,0,0,
0,0,0,0,0,0,0,0,1,0,0,0,0,0,0,0,0,0,0,0,0,4,0,1,0,0,0,0,0,0,0,0,
0,0,0,0,0,0,0,0,1,0,0,0,0,0,0,0,0,0,0,0,0,0,0,1,0,0,0,0,0,0,0,0,
0,0,0,0,0,0,0,0,1,0,0,4,0,0,0,0,0,0,0,0,0,0,0,1,0,0,0,0,0,0,0,0,
0,0,0,0,0,0,0,0,1,0,0,0,0,0,0,0,0,0,0,0,0,0,0,1,0,0,0,0,0,0,0,0,
0,0,0,0,0,0,0,0,1,0,0,0,0,0,0,0,0,0,4,0,0,0,0,1,0,0,0,0,0,0,0,0,
0,0,0,0,0,0,0,0,1,0,0,0,0,0,0,0,0,0,0,0,0,0,0,1,0,0,0,0,0,0,0,0,
0,0,0,0,0,0,0,0,1,0,0,0,0,0,0,0,0,0,0,0,0,0,0,1,0,0,0,0,0,0,0,0,
0,0,0,0,0,0,0,0,1,0,0,0,0,0,0,0,0,0,0,0,0,0,0,1,0,0,0,0,0,0,0,0,
0,0,0,0,0,0,0,0,1,0,0,0,0,0,0,0,0,0,0,0,0,0,0,1,0,0,0,0,0,0,0,0,
0,0,0,0,0,0,0,0,1,1,1,1,1,1,1,0,1,1,1,1,1,1,1,1,0,0,0,0,0,0,0,0

[enemygroup]
# Venom Bat
type=venombat
location=12,17,9,9
level=3,3
number=1,1

[enemygroup]
# 2 snakes
type=snake
location=11,17,9,9
level=1,1
number=2,2

[event]
# Chest
type=run_once
location=22,15,1,1
hotspot=-16,-16,32,32
loot=id,22,16,300
mapmod=object,22,15,206
requires_not=snaketalis
tooltip=Chest

[event]
# Teleport to Castle3
type=teleport
location=15,31,2,1
intermap=castle3.txt,14,11

[event]
# Teleport to CastleB
type=teleport
location=0,15,1,4
intermap=castleb.txt,30,11

