[header]
width=32
height=32
tileset=town.txt
title=Castle Ballroom
music=mysticaltheme.ogg

[layer]
type=background
data=
101,101,101,101,101,101,101,101,101,101,101,101,101,101,101,101,101,101,101,101,101,101,101,101,101,101,101,101,101,101,101,101,
101,151,101,101,156,101,101,101,101,156,101,101,151,101,101,101,101,101,101,101,101,156,101,101,101,101,101,151,101,101,101,101,
101,101,101,156,101,101,151,101,101,151,101,101,101,151,101,101,151,101,101,101,101,101,101,101,101,101,101,101,101,151,101,101,
101,101,101,101,101,101,101,101,101,101,101,101,101,101,101,101,101,156,101,101,101,101,101,101,101,101,101,101,151,101,101,101,
101,101,101,101,101,101,101,101,101,101,101,101,101,101,101,101,101,101,101,101,101,101,101,101,101,101,101,101,101,101,101,101,
101,101,101,101,101,101,101,101,101,101,101,101,101,101,101,101,101,101,101,101,101,101,101,101,101,101,101,101,156,101,101,101,
101,101,101,101,101,101,101,101,101,101,101,101,101,101,101,101,101,101,101,101,101,101,101,101,101,101,101,101,101,101,101,101,
101,101,101,101,101,101,101,101,101,101,101,101,101,101,101,101,101,101,101,101,101,101,101,101,101,101,101,101,101,101,101,101,
101,481,482,482,482,482,482,482,482,482,482,482,482,482,482,482,482,482,482,482,482,482,482,482,482,483,101,101,101,101,101,101,
101,508,611,612,612,612,613,509,509,509,509,509,509,509,509,509,509,509,509,509,611,612,612,612,613,510,101,101,101,101,101,101,
101,508,638,639,639,639,640,509,509,509,509,509,509,509,509,509,509,509,509,509,638,639,639,639,640,510,101,101,156,156,101,101,
101,508,638,639,179,639,640,509,509,509,476,477,477,477,477,477,478,509,509,509,638,639,179,639,640,510,101,101,101,101,101,101,
101,508,638,639,639,639,640,509,509,509,503,504,504,504,504,504,505,509,509,509,638,639,639,639,640,510,101,101,101,101,101,101,
101,508,665,666,666,666,667,509,509,509,503,504,504,504,504,504,505,509,509,509,665,666,666,666,667,510,101,101,101,101,101,101,
101,508,509,509,509,509,509,509,509,509,503,504,504,179,504,504,505,509,509,509,509,509,509,509,509,510,101,101,151,101,101,101,
101,508,509,509,509,509,509,509,509,509,503,504,504,504,504,504,505,509,509,509,509,509,509,509,509,510,101,101,101,101,101,101,
101,508,509,509,509,509,509,509,509,509,503,504,504,504,504,504,505,509,509,509,509,509,509,509,509,510,101,101,101,101,155,101,
101,508,611,612,612,612,613,509,509,509,530,531,531,531,531,531,532,509,509,509,611,612,612,612,613,510,101,101,101,151,101,101,
101,508,638,639,639,639,640,509,509,509,509,509,509,509,509,509,509,509,509,509,638,639,639,639,640,510,101,101,101,101,101,101,
101,508,638,639,179,639,640,509,509,509,509,509,509,509,509,509,509,509,509,509,638,639,179,639,640,510,101,101,155,101,101,101,
101,508,638,639,639,639,640,509,509,509,509,509,509,509,509,509,509,509,509,509,638,639,639,639,640,510,101,101,101,101,101,101,
101,508,665,666,666,666,667,509,509,509,509,509,509,509,509,509,509,509,509,509,665,666,666,666,667,510,101,101,101,101,101,101,
101,535,536,536,536,536,536,536,536,536,536,536,536,536,536,536,536,536,536,536,536,536,536,536,536,537,101,101,101,101,101,101,
101,101,101,101,101,101,101,101,616,616,616,616,616,616,616,616,616,616,616,101,101,101,101,101,101,101,101,101,101,101,101,101,
101,101,101,101,151,101,101,101,616,616,616,616,616,616,616,616,616,616,616,101,101,101,101,101,101,101,101,101,151,101,101,101,
101,101,101,101,101,101,101,101,616,616,616,616,616,616,616,616,616,616,616,101,101,101,101,101,101,101,101,101,101,101,101,101,
101,101,156,101,101,101,101,101,616,616,616,616,616,616,616,616,616,616,616,101,101,101,101,156,101,101,101,101,101,101,156,101,
101,101,101,101,101,156,101,101,616,616,616,616,616,616,616,616,616,616,616,101,101,101,101,151,101,101,101,155,101,101,101,101,
101,101,101,151,101,101,101,101,616,616,616,616,616,616,616,616,616,616,616,101,101,101,101,101,101,101,101,101,101,101,101,101,
101,156,101,101,101,101,101,101,616,616,616,616,481,482,483,616,616,616,616,101,101,151,101,101,155,101,101,101,101,151,101,101,
101,101,101,101,156,101,101,101,616,616,616,616,508,509,510,616,616,616,616,101,101,101,151,101,101,101,101,156,101,101,101,101,
101,101,101,101,101,101,101,101,101,101,101,101,508,509,510,101,101,101,101,101,101,101,101,101,101,101,101,101,101,101,101,101

[layer]
type=object
data=
0,0,0,0,0,0,0,0,0,0,0,0,0,0,0,0,0,0,0,0,0,0,0,244,0,0,0,0,0,0,0,0,
0,0,0,0,0,0,244,0,0,0,0,0,0,0,0,244,0,0,0,0,0,0,0,0,0,0,0,0,0,0,0,0,
0,0,0,0,0,0,0,244,0,0,0,0,0,0,244,0,0,0,0,0,0,0,0,0,0,0,244,0,0,0,0,0,
0,0,0,0,0,0,0,0,0,0,0,0,0,0,0,0,0,0,0,0,0,0,0,0,0,0,0,0,0,0,0,0,
0,0,0,0,0,0,0,0,0,0,0,0,0,0,0,0,0,0,0,0,0,0,0,0,0,0,0,0,0,0,0,0,
0,0,0,0,0,0,0,0,0,0,0,0,0,0,0,0,0,0,0,0,0,0,0,0,0,0,0,0,0,0,0,0,
0,0,0,0,0,0,0,0,0,0,0,0,0,0,0,0,0,0,0,0,0,0,0,0,0,0,0,0,0,244,0,0,
918,900,900,900,900,900,900,900,900,900,900,900,900,900,900,900,900,900,900,900,900,900,900,900,900,900,919,0,0,0,0,0,
917,286,0,0,0,0,0,0,0,0,0,0,0,286,0,0,0,0,0,0,0,0,0,0,0,0,916,0,0,0,0,0,
917,0,0,0,0,0,0,0,0,0,0,0,0,0,0,0,0,0,259,0,0,0,0,0,0,0,916,0,0,0,0,0,
917,0,0,0,0,0,0,0,286,0,0,0,0,0,0,0,0,0,0,0,0,0,0,0,0,0,916,0,0,0,0,0,
917,0,0,0,0,0,0,0,0,0,0,0,0,0,0,0,0,0,0,0,0,0,0,0,0,0,916,0,0,0,0,0,
917,0,0,0,0,0,0,0,0,0,0,0,0,0,0,0,0,0,0,0,0,0,0,0,0,0,916,0,0,0,0,0,
917,0,0,0,0,0,0,0,0,0,0,0,0,0,0,0,0,0,0,0,0,0,0,0,0,0,916,0,0,0,0,0,
917,0,0,0,0,0,0,0,0,0,0,286,0,0,0,0,0,0,0,286,0,0,0,0,0,0,916,0,0,0,0,0,
917,0,0,0,259,0,0,0,0,0,0,0,0,0,0,0,0,0,0,0,0,0,0,286,0,0,916,0,0,244,0,0,
917,0,0,0,0,0,0,0,0,0,0,0,0,0,0,0,0,0,0,0,0,0,0,0,0,0,916,0,0,0,0,0,
917,0,0,0,0,0,0,0,0,0,0,0,0,0,0,286,0,0,0,0,0,0,0,0,0,0,916,0,0,0,0,0,
917,0,0,0,0,0,0,0,0,0,0,0,0,0,0,0,0,0,259,0,0,0,0,0,0,0,916,0,0,0,0,0,
917,0,0,0,0,0,0,0,0,0,0,0,0,0,0,0,0,0,0,0,0,0,0,0,0,0,916,0,0,0,0,0,
917,0,0,0,0,0,0,0,0,0,0,0,0,0,0,0,0,0,0,0,0,0,0,0,0,0,916,0,0,0,0,0,
917,0,0,0,0,0,0,0,0,259,0,0,0,0,0,0,0,0,0,0,0,0,0,0,0,0,916,0,0,0,0,0,
917,0,0,0,0,0,0,0,0,0,0,0,0,0,0,0,0,0,0,0,0,0,0,0,0,0,916,0,0,0,0,0,
899,900,900,900,900,900,900,914,0,0,0,0,0,0,0,0,0,0,0,915,900,900,900,900,900,900,913,0,0,0,0,0,
0,0,0,0,0,0,0,917,0,0,0,0,286,0,0,0,0,0,0,916,0,0,0,0,0,0,0,0,0,0,0,0,
0,0,0,0,0,0,0,917,0,0,0,0,0,0,0,0,259,0,0,916,244,0,0,0,0,0,0,0,0,0,0,0,
0,0,0,0,0,0,0,917,0,0,0,0,0,0,0,0,0,0,0,916,0,0,0,0,0,0,0,0,0,0,0,0,
0,0,0,0,0,0,0,917,0,0,0,0,0,0,0,0,0,0,0,916,0,0,0,0,0,0,0,0,0,0,0,0,
0,0,0,0,0,0,0,917,0,0,0,0,0,0,0,0,0,0,0,916,0,0,0,0,0,0,0,0,0,0,0,0,
0,0,0,0,0,0,0,917,0,0,0,0,0,0,0,0,0,0,0,916,0,0,0,0,0,0,0,0,244,0,0,0,
0,0,0,0,0,0,0,917,0,0,0,0,0,0,0,0,0,0,0,916,0,0,0,0,244,0,0,0,0,0,0,0,
0,0,0,0,0,0,0,899,900,900,900,913,0,0,0,899,900,900,900,913,0,0,0,0,0,0,0,0,0,0,0,0

[layer]
type=collision
data=
0,0,0,0,0,0,0,0,0,0,0,0,0,0,0,0,0,0,0,0,0,0,0,0,0,0,0,0,0,0,0,0,
0,0,0,0,0,0,0,0,0,0,0,0,0,0,0,0,0,0,0,0,0,0,0,0,0,0,0,0,0,0,0,0,
0,0,0,0,0,0,0,0,0,0,0,0,0,0,0,0,0,0,0,0,0,0,0,0,0,0,0,0,0,0,0,0,
0,0,0,0,0,0,0,0,0,0,0,0,0,0,0,0,0,0,0,0,0,0,0,0,0,0,0,0,0,0,0,0,
0,0,0,0,0,0,0,0,0,0,0,0,0,0,0,0,0,0,0,0,0,0,0,0,0,0,0,0,0,0,0,0,
0,0,0,0,0,0,0,0,0,0,0,0,0,0,0,0,0,0,0,0,0,0,0,0,0,0,0,0,0,0,0,0,
0,0,0,0,0,0,0,0,0,0,0,0,0,0,0,0,0,0,0,0,0,0,0,0,0,0,0,0,0,0,0,0,
1,1,1,1,1,1,1,1,1,1,1,1,1,1,1,1,1,1,1,1,1,1,1,1,1,1,1,0,0,0,0,0,
1,4,0,0,0,0,0,0,0,0,0,0,0,4,0,0,0,0,0,0,0,0,0,0,0,0,1,0,0,0,0,0,
1,0,0,0,0,0,0,0,0,0,0,0,0,0,0,0,0,0,4,0,0,0,0,0,0,0,1,0,0,0,0,0,
1,0,0,0,0,0,0,0,4,0,0,0,0,0,0,0,0,0,0,0,0,0,0,0,0,0,1,0,0,0,0,0,
1,0,0,0,1,0,0,0,0,0,0,0,0,0,0,0,0,0,0,0,0,0,1,0,0,0,1,0,0,0,0,0,
1,0,0,0,0,0,0,0,0,0,0,0,0,0,0,0,0,0,0,0,0,0,0,0,0,0,1,0,0,0,0,0,
1,0,0,0,0,0,0,0,0,0,0,0,0,0,0,0,0,0,0,0,0,0,0,0,0,0,1,0,0,0,0,0,
1,0,0,0,0,0,0,0,0,0,0,4,0,1,0,0,0,0,0,4,0,0,0,0,0,0,1,0,0,0,0,0,
1,0,0,0,4,0,0,0,0,0,0,0,0,0,0,0,0,0,0,0,0,0,0,4,0,0,1,0,0,0,0,0,
1,0,0,0,0,0,0,0,0,0,0,0,0,0,0,0,0,0,0,0,0,0,0,0,0,0,1,0,0,0,0,0,
1,0,0,0,0,0,0,0,0,0,0,0,0,0,0,4,0,0,0,0,0,0,0,0,0,0,1,0,0,0,0,0,
1,0,0,0,0,0,0,0,0,0,0,0,0,0,0,0,0,0,4,0,0,0,0,0,0,0,1,0,0,0,0,0,
1,0,0,0,1,0,0,0,0,0,0,0,0,0,0,0,0,0,0,0,0,0,1,0,0,0,1,0,0,0,0,0,
1,0,0,0,0,0,0,0,0,0,0,0,0,0,0,0,0,0,0,0,0,0,0,0,0,0,1,0,0,0,0,0,
1,0,0,0,0,0,0,0,0,4,0,0,0,0,0,0,0,0,0,0,0,0,0,0,0,0,1,0,0,0,0,0,
1,0,0,0,0,0,0,0,0,0,0,0,0,0,0,0,0,0,0,0,0,0,0,0,0,0,1,0,0,0,0,0,
1,1,1,1,1,1,1,1,0,0,0,0,0,0,0,0,0,0,0,1,1,1,1,1,1,1,1,0,0,0,0,0,
0,0,0,0,0,0,0,1,0,0,0,0,4,0,0,0,0,0,0,1,0,0,0,0,0,0,0,0,0,0,0,0,
0,0,0,0,0,0,0,1,0,0,0,0,0,0,0,0,4,0,0,1,0,0,0,0,0,0,0,0,0,0,0,0,
0,0,0,0,0,0,0,1,0,0,0,0,0,0,0,0,0,0,0,1,0,0,0,0,0,0,0,0,0,0,0,0,
0,0,0,0,0,0,0,1,0,0,0,0,0,0,0,0,0,0,0,1,0,0,0,0,0,0,0,0,0,0,0,0,
0,0,0,0,0,0,0,1,0,0,0,0,0,0,0,0,0,0,0,1,0,0,0,0,0,0,0,0,0,0,0,0,
0,0,0,0,0,0,0,1,0,0,0,0,0,0,0,0,0,0,0,1,0,0,0,0,0,0,0,0,0,0,0,0,
0,0,0,0,0,0,0,1,0,0,0,0,0,0,0,0,0,0,0,1,0,0,0,0,0,0,0,0,0,0,0,0,
0,0,0,0,0,0,0,1,1,1,1,1,0,0,0,1,1,1,1,1,0,0,0,0,0,0,0,0,0,0,0,0

[enemy]
# Ghost
type=ghost
location=21,12,1,1

[enemy]
# Ghost
type=ghost
location=21,18,1,1

[enemy]
# Ghost
type=ghost
location=5,12,1,1

[enemy]
# Ghost
type=ghost
location=5,18,1,1

[event]
# Teleport to Castle2
type=teleport
location=12,31,3,1
intermap=castle2.txt,25,1

[event]
# Chest
type=run_once
location=13,14,1,1
hotspot=-16,-16,32,32
loot=currency,13,15,20
mapmod=object,13,14,206
tooltip=Chest

[event]
# Chest
type=run_once
location=4,11,1,1
hotspot=-16,-16,32,32
loot=id,4,12,1
mapmod=object,4,11,206
tooltip=Chest

[event]
# Chest
type=run_once
location=22,19,1,1
hotspot=-16,-16,32,32
loot=id,22,20,1
mapmod=object,22,19,206
tooltip=Chest

[event]
# Chest
type=run_once
location=22,11,1,1
hotspot=-16,-16,32,32
loot=id,22,12,2
mapmod=object,22,11,206
tooltip=Chest

[event]
# Chest
type=run_once
location=4,19,1,1
hotspot=-16,-16,32,32
loot=id,4,20,2
mapmod=object,4,19,206
tooltip=Chest

