[header]
width=32
height=32
tileset=town.txt
title=Castle Balcony

[layer]
type=background
data=
98,226,98,98,98,98,98,98,98,98,98,98,98,98,98,253,254,255,98,98,98,98,98,98,98,98,98,98,226,98,98,98,
98,98,98,98,98,98,98,98,226,98,98,98,98,98,98,307,201,227,255,98,98,98,98,98,98,98,98,98,98,98,98,98,
98,98,98,98,98,226,98,98,98,98,98,98,98,98,98,98,307,308,309,98,98,98,98,98,98,98,98,98,98,98,98,98,
95,95,95,95,95,95,95,95,95,95,95,95,95,95,95,95,95,95,95,95,95,95,95,95,95,95,95,95,95,95,95,95,
119,119,119,119,119,119,119,119,119,119,119,119,119,119,119,119,119,119,119,119,119,119,119,119,119,119,119,119,119,119,119,119,
119,119,119,119,119,119,119,119,119,119,119,119,119,119,119,119,119,119,119,119,119,119,119,119,119,119,119,119,119,119,119,119,
119,119,119,119,119,119,119,119,119,119,119,119,119,119,119,119,119,119,119,119,119,119,119,119,119,119,119,119,119,119,119,119,
119,119,119,119,119,119,119,119,119,119,119,119,119,119,119,119,119,119,119,119,119,119,119,119,119,119,119,119,119,119,119,119,
119,119,119,119,119,119,119,702,701,701,701,701,701,701,701,701,701,701,701,701,701,701,701,701,701,701,701,701,701,119,119,119,
119,119,119,119,119,119,119,702,701,701,701,701,701,701,701,701,701,701,701,701,701,701,701,701,701,701,701,701,701,119,119,119,
119,119,119,119,119,119,119,702,701,701,701,701,701,701,701,701,701,701,701,701,701,701,701,701,701,701,701,701,701,119,119,119,
119,119,119,119,119,119,119,702,701,701,701,701,701,701,701,701,701,701,701,701,701,701,701,701,701,701,701,701,701,119,119,119,
119,119,119,119,119,119,119,702,701,701,701,701,701,701,701,701,701,701,701,701,701,701,701,701,701,701,701,702,481,482,482,482,
119,119,119,119,119,119,119,702,701,701,701,701,701,701,701,701,701,701,701,701,701,701,701,701,701,701,701,702,508,509,509,509,
119,119,119,119,119,119,119,702,701,701,701,701,701,701,701,701,701,701,701,701,701,701,701,701,701,701,701,702,508,509,509,509,
119,119,119,119,119,119,119,702,701,701,701,701,701,701,701,701,701,701,701,701,701,701,701,701,701,701,701,702,535,536,536,536,
119,119,119,119,119,119,119,702,701,701,701,701,701,701,701,701,701,701,701,701,701,701,701,701,701,701,701,702,119,119,119,119,
119,119,119,119,119,119,119,702,701,701,701,701,701,701,701,701,701,701,701,701,701,701,701,701,701,701,701,702,119,119,119,119,
119,119,119,119,119,119,119,702,701,701,701,701,701,701,701,701,701,701,701,701,701,701,701,701,701,701,701,702,119,119,119,119,
119,119,119,119,119,119,119,702,701,701,701,701,701,701,701,701,701,701,701,701,701,701,701,701,701,701,701,702,119,119,119,119,
119,119,119,119,119,119,119,702,701,701,701,701,701,701,701,701,701,701,701,701,701,701,701,701,701,701,701,702,119,119,119,119,
119,119,119,119,119,119,119,702,701,701,701,701,701,701,701,701,701,701,701,701,701,701,701,701,701,701,701,702,119,119,119,119,
119,119,119,119,119,119,119,702,701,701,701,701,701,701,701,701,701,701,701,701,701,701,701,701,701,701,701,702,119,119,119,119,
119,119,119,119,119,119,119,702,701,701,701,701,701,701,701,701,701,701,701,701,701,701,701,701,701,701,701,702,119,119,119,119,
119,119,119,119,119,119,119,702,702,702,702,702,702,702,702,702,702,702,702,702,702,702,702,702,702,702,702,702,119,119,119,119,
119,119,119,119,119,119,119,119,119,119,119,119,119,119,119,119,119,119,119,119,119,119,119,119,119,119,119,119,119,119,119,119,
119,119,119,119,119,119,119,119,119,119,119,119,119,119,119,119,119,119,119,119,119,119,119,119,119,119,119,119,119,119,119,119,
119,119,119,119,119,119,119,119,119,119,119,119,119,119,119,119,119,119,119,119,119,119,119,119,119,119,119,119,119,119,119,119,
119,119,119,119,119,119,119,119,119,119,119,119,119,119,119,119,119,119,119,119,119,119,119,119,119,119,119,119,119,119,119,119,
119,119,119,119,119,119,119,119,119,119,119,119,119,119,119,119,119,119,119,119,119,119,119,119,119,119,119,119,119,119,119,119,
119,119,119,119,119,119,119,119,119,119,119,119,119,119,119,119,119,119,119,119,119,119,119,119,119,119,119,119,119,119,119,119,
119,119,119,119,119,119,119,119,119,119,119,119,119,119,119,119,119,119,119,119,119,119,119,119,119,119,119,119,119,119,119,119

[layer]
type=object
data=
0,0,0,0,0,0,0,0,0,0,0,0,0,0,0,0,0,0,0,0,0,0,0,0,0,0,0,0,0,0,0,0,
0,0,0,0,0,0,0,0,0,0,0,0,0,0,0,0,0,0,0,0,0,0,0,0,0,0,0,0,0,0,0,0,
0,0,0,0,0,0,0,0,0,0,0,0,0,0,0,0,0,0,0,0,0,0,0,0,0,0,0,0,0,0,0,0,
0,0,0,0,0,0,0,0,0,0,0,0,0,0,0,0,0,0,0,0,0,0,0,0,0,0,0,0,0,0,0,0,
0,0,0,0,0,0,0,0,0,0,0,0,0,0,0,0,0,0,0,0,0,0,0,0,0,0,0,0,0,0,0,0,
0,0,0,0,0,0,0,0,0,0,0,0,0,0,0,0,0,0,0,0,0,0,0,0,0,0,0,0,0,0,0,0,
0,0,0,0,0,0,0,0,0,0,0,0,0,0,0,0,0,0,0,0,0,0,0,0,0,0,0,0,0,0,0,0,
0,0,0,0,0,0,0,988,988,988,988,988,988,988,988,988,988,988,988,988,988,988,988,988,988,988,988,988,997,0,0,0,
0,0,0,0,0,0,0,990,0,0,0,0,0,0,0,0,0,0,0,0,0,0,0,0,0,0,0,0,0,0,0,0,
0,0,0,0,0,0,0,990,0,0,0,0,0,0,0,0,0,0,0,0,0,0,0,0,0,0,0,0,0,0,0,0,
0,0,0,0,0,0,0,990,0,0,0,0,0,0,0,0,0,0,0,0,0,0,0,0,0,0,0,0,918,971,971,971,
0,0,0,0,0,0,0,990,0,0,0,0,0,0,0,0,0,0,0,0,0,0,0,0,0,0,0,0,899,900,900,900,
0,0,0,0,0,0,0,990,0,0,0,0,0,0,0,0,0,0,0,0,0,0,0,0,0,0,0,0,0,0,0,0,
0,0,0,0,0,0,0,990,0,0,0,0,0,0,0,0,0,0,0,0,0,0,0,0,0,0,0,0,0,0,0,0,
0,0,0,0,0,0,0,990,0,0,0,0,0,0,0,0,0,0,0,0,0,0,0,0,0,0,0,0,0,0,0,0,
0,0,0,0,0,0,0,990,0,0,0,0,0,0,0,0,0,0,0,0,0,0,0,0,0,0,0,0,0,0,0,0,
0,0,0,0,0,0,0,990,0,0,0,0,0,0,0,0,0,0,0,0,0,0,0,0,0,0,0,0,899,900,900,900,
0,0,0,0,0,0,0,990,0,0,0,0,0,0,0,0,0,0,0,0,0,0,0,0,0,0,0,0,996,0,0,0,
0,0,0,0,0,0,0,990,0,0,0,0,0,0,0,0,0,0,0,0,0,0,0,0,0,0,0,0,996,0,0,0,
0,0,0,0,0,0,0,990,0,0,0,0,0,0,0,0,0,0,0,0,0,0,0,0,0,0,0,0,996,0,0,0,
0,0,0,0,0,0,0,990,0,0,0,0,0,0,0,0,0,0,0,0,0,0,0,0,0,0,0,0,996,0,0,0,
0,0,0,0,0,0,0,990,0,0,0,0,0,0,0,0,0,0,0,0,0,0,0,0,0,0,0,0,996,0,0,0,
0,0,0,0,0,0,0,990,0,0,0,0,0,0,0,0,0,0,0,0,0,0,0,0,0,0,0,0,996,0,0,0,
0,0,0,0,0,0,0,990,0,0,0,0,0,0,0,0,0,0,0,0,0,0,0,0,0,0,0,0,996,0,0,0,
0,0,0,0,0,0,0,987,995,995,995,995,995,995,995,995,995,995,995,995,995,995,995,995,995,995,995,995,996,0,0,0,
0,0,0,0,0,0,0,0,0,0,0,0,0,0,0,0,0,0,0,0,0,0,0,0,0,0,0,0,0,0,0,0,
0,0,0,0,0,0,0,0,0,0,0,0,0,0,0,0,0,0,0,0,0,0,0,0,0,0,0,0,0,0,0,0,
0,0,0,0,0,0,0,0,0,0,0,0,0,0,0,0,0,0,0,0,0,0,0,0,0,0,0,0,0,0,0,0,
0,0,0,0,0,0,0,0,0,0,0,0,0,0,0,0,0,0,0,0,0,0,0,0,0,0,0,0,0,0,0,0,
0,0,0,0,0,0,0,0,0,0,0,0,0,0,0,0,0,0,0,0,0,0,0,0,0,0,0,0,0,0,0,0,
0,0,0,0,0,0,0,0,0,0,0,0,0,0,0,0,0,0,0,0,0,0,0,0,0,0,0,0,0,0,0,0,
0,0,0,0,0,0,0,0,0,0,0,0,0,0,0,0,0,0,0,0,0,0,0,0,0,0,0,0,0,0,0,0

[layer]
type=collision
data=
4,4,4,4,4,4,4,4,4,4,4,4,4,4,4,4,4,4,4,4,4,4,4,4,4,4,4,4,4,4,4,4,
4,4,4,4,4,4,4,4,4,4,4,4,4,4,4,4,4,4,4,4,4,4,4,4,4,4,4,4,4,4,4,4,
4,4,4,4,4,4,4,4,4,4,4,4,4,4,4,4,4,4,4,4,4,4,4,4,4,4,4,4,4,4,4,4,
4,4,4,4,4,4,4,4,4,4,4,4,4,4,4,4,4,4,4,4,4,4,4,4,4,4,4,4,4,4,4,4,
4,4,4,4,4,4,4,4,4,4,4,4,4,4,4,4,4,4,4,4,4,4,4,4,4,4,4,4,4,4,4,4,
4,4,4,4,4,4,4,4,4,4,4,4,4,4,4,4,4,4,4,4,4,4,4,4,4,4,4,4,4,4,4,4,
4,4,4,4,4,4,4,4,4,4,4,4,4,4,4,4,4,4,4,4,4,4,4,4,4,4,4,4,4,4,4,4,
4,4,4,4,4,4,4,2,2,2,2,2,2,2,2,2,2,2,2,2,2,2,2,2,2,2,2,2,1,4,4,4,
4,4,4,4,4,4,4,2,0,0,0,0,0,0,0,0,0,0,0,0,0,0,0,0,0,0,0,0,1,4,4,4,
4,4,4,4,4,4,4,2,0,0,0,0,0,0,0,0,0,0,0,0,0,0,0,0,0,0,0,0,1,4,4,4,
4,4,4,4,4,4,4,2,0,0,0,0,0,0,0,0,0,0,0,0,0,0,0,0,0,0,0,0,1,4,4,4,
4,4,4,4,4,4,4,2,0,0,0,0,0,0,0,0,0,0,0,0,0,0,0,0,0,0,0,0,1,1,1,1,
4,4,4,4,4,4,4,2,0,0,0,0,0,0,0,0,0,0,0,0,0,0,0,0,0,0,0,0,0,0,0,0,
4,4,4,4,4,4,4,2,0,0,0,0,0,0,0,0,0,0,0,0,0,0,0,0,0,0,0,0,0,0,0,0,
4,4,4,4,4,4,4,2,0,0,0,0,0,0,0,0,0,0,0,0,0,0,0,0,0,0,0,0,0,0,0,0,
4,4,4,4,4,4,4,2,0,0,0,0,0,0,0,0,0,0,0,0,0,0,0,0,0,0,0,0,0,0,0,0,
4,4,4,4,4,4,4,2,0,0,0,0,0,0,0,0,0,0,0,0,0,0,0,0,0,0,0,0,1,1,1,1,
4,4,4,4,4,4,4,2,0,0,0,0,0,0,0,0,0,0,0,0,0,0,0,0,0,0,0,0,2,4,4,4,
4,4,4,4,4,4,4,2,0,0,0,0,0,0,0,0,0,0,0,0,0,0,0,0,0,0,0,0,2,4,4,4,
4,4,4,4,4,4,4,2,0,0,0,0,0,0,0,0,0,0,0,0,0,0,0,0,0,0,0,0,2,4,4,4,
4,4,4,4,4,4,4,2,0,0,0,0,0,0,0,0,0,0,0,0,0,0,0,0,0,0,0,0,2,4,4,4,
4,4,4,4,4,4,4,2,0,0,0,0,0,0,0,0,0,0,0,0,0,0,0,0,0,0,0,0,2,4,4,4,
4,4,4,4,4,4,4,2,0,0,0,0,0,0,0,0,0,0,0,0,0,0,0,0,0,0,0,0,2,4,4,4,
4,4,4,4,4,4,4,2,0,0,0,0,0,0,0,0,0,0,0,0,0,0,0,0,0,0,0,0,2,4,4,4,
4,4,4,4,4,4,4,2,2,2,2,2,2,2,2,2,2,2,2,2,2,2,2,2,2,2,2,2,2,4,4,4,
4,4,4,4,4,4,4,4,4,4,4,4,4,4,4,4,4,4,4,4,4,4,4,4,4,4,4,4,4,4,4,4,
4,4,4,4,4,4,4,4,4,4,4,4,4,4,4,4,4,4,4,4,4,4,4,4,4,4,4,4,4,4,4,4,
4,4,4,4,4,4,4,4,4,4,4,4,4,4,4,4,4,4,4,4,4,4,4,4,4,4,4,4,4,4,4,4,
4,4,4,4,4,4,4,4,4,4,4,4,4,4,4,4,4,4,4,4,4,4,4,4,4,4,4,4,4,4,4,4,
4,4,4,4,4,4,4,4,4,4,4,4,4,4,4,4,4,4,4,4,4,4,4,4,4,4,4,4,4,4,4,4,
4,4,4,4,4,4,4,4,4,4,4,4,4,4,4,4,4,4,4,4,4,4,4,4,4,4,4,4,4,4,4,4,
4,4,4,4,4,4,4,4,4,4,4,4,4,4,4,4,4,4,4,4,4,4,4,4,4,4,4,4,4,4,4,4

[enemygroup]
# 3 venombats
type=venombat
location=9,14,6,6
level=3,3
number=3,3

[event]
# Teleport to Castle5
type=teleport
location=31,12,1,4
intermap=castle5.txt,1,9

