[header]
width=32
height=32
tileset=outside.txt
title=Castle Sewer

[layer]
type=background
data=
158,158,158,158,158,158,158,158,158,158,158,158,158,158,158,158,158,158,158,158,158,158,158,158,158,158,158,158,158,158,158,158,
158,158,158,158,158,158,158,158,158,158,158,158,158,158,158,158,158,158,158,158,158,158,158,158,158,158,158,158,158,158,158,158,
158,158,158,158,158,158,158,158,158,158,158,158,158,158,158,158,158,158,158,158,158,158,158,158,158,158,158,158,158,158,158,158,
158,158,158,158,158,158,158,158,158,158,158,158,158,158,158,158,158,158,158,158,158,158,158,158,158,158,158,158,158,158,158,158,
341,343,344,344,344,344,344,344,344,344,344,344,344,344,344,344,344,345,341,341,341,341,341,341,158,158,158,158,158,158,158,158,
341,343,344,398,344,344,344,399,344,344,398,344,344,344,344,344,344,345,341,341,395,341,396,341,158,158,158,158,158,158,158,158,
341,343,344,344,344,397,344,344,344,344,344,344,399,344,397,344,399,345,341,341,341,341,341,341,158,158,158,158,158,158,158,158,
341,343,398,344,344,344,344,344,344,397,344,344,344,344,344,344,344,345,341,341,341,341,341,341,158,158,158,158,158,158,158,158,
341,343,344,344,399,344,344,398,344,344,344,344,344,344,398,344,344,345,341,341,341,396,395,341,158,158,158,158,158,158,158,158,
341,343,344,344,344,344,344,344,344,344,397,344,399,344,344,397,344,345,341,341,341,341,341,341,158,158,158,158,158,158,158,158,
341,370,371,371,371,371,371,371,371,371,264,344,344,344,344,398,344,290,262,262,262,262,262,262,344,344,344,344,344,344,344,344,
341,341,341,341,341,341,341,341,341,341,343,397,344,344,344,344,344,344,344,344,344,344,344,344,397,344,398,344,399,344,344,344,
341,396,341,396,341,341,395,341,341,341,343,344,398,344,399,344,398,344,344,344,399,344,344,344,344,344,344,344,344,344,344,344,
260,368,368,368,368,261,341,341,341,341,343,344,344,344,344,344,344,263,289,289,289,289,289,289,344,344,344,344,344,344,344,344,
344,344,344,344,344,345,341,341,341,341,343,344,344,398,344,344,344,345,341,341,341,341,341,341,158,158,158,158,158,158,158,158,
344,344,344,344,344,345,341,341,341,395,343,344,399,344,399,344,397,345,341,395,341,341,396,341,158,158,158,158,158,158,158,158,
371,371,371,371,371,372,341,396,341,341,343,344,344,344,344,344,344,345,341,341,341,341,341,341,158,158,158,158,158,158,158,158,
345,368,0,368,343,345,341,341,341,341,370,371,371,371,371,371,371,372,341,341,395,341,341,341,158,158,158,158,158,158,158,158,
345,368,368,368,343,290,341,341,341,341,341,341,341,341,341,341,341,341,341,341,341,341,341,341,158,158,158,158,158,158,158,158,
345,368,368,368,343,344,341,341,341,341,341,341,341,341,341,341,341,341,341,341,341,341,341,341,158,158,158,158,158,158,158,158,
345,368,368,368,343,344,158,158,158,158,158,158,158,158,158,158,158,158,158,158,158,158,158,158,158,158,158,158,158,158,158,158,
345,368,368,368,343,344,158,158,158,158,158,158,158,158,158,158,158,158,158,158,158,158,158,158,158,158,158,158,158,158,158,158,
345,368,368,368,343,344,158,158,158,158,158,158,158,158,158,158,158,158,158,158,158,158,158,158,158,158,158,158,158,158,158,158,
345,368,368,368,343,344,158,158,158,158,158,158,158,158,158,158,158,158,158,158,158,158,158,158,158,158,158,158,158,158,158,158,
345,368,368,368,343,344,158,158,158,158,158,158,158,158,158,158,158,158,158,158,158,158,158,158,158,158,158,158,158,158,158,158,
345,368,368,368,343,344,158,158,158,158,158,158,158,158,158,158,158,158,158,158,158,158,158,158,158,158,158,158,158,158,158,158,
345,368,368,368,343,344,158,158,158,158,158,158,158,158,158,158,158,158,158,158,158,158,158,158,158,158,158,158,158,158,158,158,
345,368,368,368,343,344,158,158,158,158,158,158,158,158,158,158,158,158,158,158,158,158,158,158,158,158,158,158,158,158,158,158,
345,368,368,368,343,344,158,158,158,158,158,158,158,158,158,158,158,158,158,158,158,158,158,158,158,158,158,158,158,158,158,158,
345,368,368,368,343,344,158,158,158,158,158,158,158,158,158,158,158,158,158,158,158,158,158,158,158,158,158,158,158,158,158,158,
158,158,158,158,158,158,158,158,158,158,158,158,158,158,158,158,158,158,158,158,158,158,158,158,158,158,158,158,158,158,158,158,
158,158,158,158,158,158,158,158,158,158,158,158,158,158,158,158,158,158,158,158,158,158,158,158,158,158,158,158,158,158,158,158

[layer]
type=object
data=
0,0,0,0,0,0,0,0,0,0,0,0,0,0,0,0,0,0,0,0,0,0,0,0,0,0,0,0,0,0,0,0,
0,0,0,0,0,0,0,0,0,0,0,0,0,0,0,0,0,0,0,0,0,0,0,0,0,0,0,0,0,0,0,0,
0,0,0,0,0,0,0,0,0,0,0,0,0,0,0,0,0,0,0,0,0,0,0,0,0,0,0,0,0,0,0,0,
0,0,0,0,0,0,0,0,0,0,0,0,0,0,0,0,0,0,0,0,0,0,0,0,0,0,0,0,0,0,0,0,
882,879,879,879,879,879,879,879,879,879,879,879,879,879,879,879,879,879,879,879,879,879,879,881,0,0,0,0,0,0,0,0,
0,0,179,0,0,0,0,0,0,0,0,0,0,0,0,0,0,0,0,0,0,0,0,883,0,0,0,0,0,0,0,0,
0,0,0,0,0,0,0,0,0,0,0,0,0,0,0,0,0,0,0,0,0,0,0,883,0,0,0,0,0,0,0,0,
885,0,0,0,0,0,0,0,0,0,0,0,0,0,0,0,0,0,0,0,0,0,0,883,0,0,0,0,0,0,0,0,
885,0,0,0,0,0,0,0,0,0,0,0,0,0,0,0,0,0,0,0,0,0,0,883,0,0,0,0,0,0,0,0,
885,0,179,0,0,0,0,0,0,0,0,0,0,0,0,0,0,0,0,0,0,0,0,883,0,0,0,0,0,0,0,0,
885,0,0,0,0,0,0,0,0,0,0,0,0,0,0,0,0,0,0,0,0,0,0,878,879,879,879,879,879,879,879,879,
885,0,0,0,0,0,0,0,0,0,0,0,0,0,0,0,0,0,0,0,0,0,0,0,0,0,0,0,0,0,0,0,
885,0,0,0,0,0,0,0,0,0,0,0,0,0,0,0,0,0,0,0,0,0,0,0,0,0,0,0,0,0,0,0,
885,0,0,0,0,0,0,0,0,0,0,0,0,0,0,0,0,0,0,0,0,0,0,0,0,0,0,0,0,0,0,0,
885,0,0,0,0,0,0,0,0,0,0,0,0,0,0,0,0,0,0,0,0,0,0,886,887,887,887,887,887,887,887,887,
885,0,0,0,0,0,0,0,0,0,0,0,0,0,0,0,0,0,0,0,0,0,0,883,0,0,0,0,0,0,0,0,
885,0,0,0,0,0,0,0,0,0,0,0,0,0,0,0,0,0,0,0,0,0,0,883,0,0,0,0,0,0,0,0,
885,914,915,916,0,0,0,0,0,0,0,0,0,0,0,0,0,0,0,0,0,0,0,883,0,0,0,0,0,0,0,0,
885,917,918,919,0,0,0,0,0,0,0,0,0,0,0,0,0,0,0,0,0,0,0,883,0,0,0,0,0,0,0,0,
885,0,0,0,0,886,888,0,0,0,0,0,0,0,0,0,0,0,0,0,0,0,0,883,0,0,0,0,0,0,0,0,
885,0,0,0,0,883,890,887,887,887,887,887,887,887,887,887,887,887,887,887,887,887,887,889,0,0,0,0,0,0,0,0,
885,0,0,0,0,883,0,0,0,0,0,0,0,0,0,0,0,0,0,0,0,0,0,0,0,0,0,0,0,0,0,0,
885,0,0,0,0,883,0,0,0,0,0,0,0,0,0,0,0,0,0,0,0,0,0,0,0,0,0,0,0,0,0,0,
885,0,0,0,0,883,0,0,0,0,0,0,0,0,0,0,0,0,0,0,0,0,0,0,0,0,0,0,0,0,0,0,
885,0,0,0,0,883,0,0,0,0,0,0,0,0,0,0,0,0,0,0,0,0,0,0,0,0,0,0,0,0,0,0,
885,0,0,0,0,883,0,0,0,0,0,0,0,0,0,0,0,0,0,0,0,0,0,0,0,0,0,0,0,0,0,0,
885,0,0,0,0,883,0,0,0,0,0,0,0,0,0,0,0,0,0,0,0,0,0,0,0,0,0,0,0,0,0,0,
885,0,0,0,0,883,0,0,0,0,0,0,0,0,0,0,0,0,0,0,0,0,0,0,0,0,0,0,0,0,0,0,
885,0,0,0,0,883,0,0,0,0,0,0,0,0,0,0,0,0,0,0,0,0,0,0,0,0,0,0,0,0,0,0,
885,0,0,0,0,883,0,0,0,0,0,0,0,0,0,0,0,0,0,0,0,0,0,0,0,0,0,0,0,0,0,0,
885,0,0,0,0,883,0,0,0,0,0,0,0,0,0,0,0,0,0,0,0,0,0,0,0,0,0,0,0,0,0,0,
885,0,0,0,0,883,0,0,0,0,0,0,0,0,0,0,0,0,0,0,0,0,0,0,0,0,0,0,0,0,0,0

[layer]
type=collision
data=
0,0,0,0,0,0,0,0,0,0,0,0,0,0,0,0,0,0,0,0,0,0,0,0,0,0,0,0,0,0,0,0,
0,0,0,0,0,0,0,0,0,0,0,0,0,0,0,0,0,0,0,0,0,0,0,0,0,0,0,0,0,0,0,0,
0,0,0,0,0,0,0,0,0,0,0,0,0,0,0,0,0,0,0,0,0,0,0,0,0,0,0,0,0,0,0,0,
1,1,1,1,1,1,1,1,1,1,1,1,1,1,1,1,1,1,1,1,1,1,1,1,0,0,0,0,0,0,0,0,
1,2,0,0,0,0,0,0,0,0,0,0,0,0,0,0,0,2,4,4,4,4,4,1,0,0,0,0,0,0,0,0,
1,2,3,0,0,0,0,0,0,0,0,0,0,0,0,0,0,2,4,4,4,4,4,1,0,0,0,0,0,0,0,0,
1,2,0,0,0,0,0,0,0,0,0,0,0,0,0,0,0,2,4,4,4,4,4,1,0,0,0,0,0,0,0,0,
1,2,0,0,0,0,0,0,0,0,0,0,0,0,0,0,0,2,4,4,4,4,4,1,0,0,0,0,0,0,0,0,
1,2,0,0,0,0,0,0,0,0,0,0,0,0,0,0,0,2,4,4,4,4,4,1,0,0,0,0,0,0,0,0,
1,2,3,0,0,0,0,0,0,0,0,0,0,0,0,0,0,2,4,4,4,4,4,1,1,1,1,1,1,1,1,1,
1,2,2,2,2,2,2,2,2,2,2,0,0,0,0,0,0,2,2,2,2,2,2,2,0,0,0,0,0,0,0,0,
1,4,4,4,4,4,4,4,4,4,2,0,0,0,0,0,0,0,0,0,0,0,0,0,0,0,0,0,0,0,0,0,
1,4,4,4,4,4,4,4,4,4,2,0,0,0,0,0,0,0,0,0,0,0,0,0,0,0,0,0,0,0,0,0,
1,4,4,4,4,4,4,4,4,4,2,0,0,0,0,0,0,2,2,2,2,2,2,2,0,0,0,0,0,0,0,0,
1,3,3,3,3,3,4,4,4,4,2,0,0,0,0,0,0,2,4,4,4,4,4,1,1,1,1,1,1,1,1,1,
1,0,0,0,0,3,4,4,4,4,2,0,0,0,0,0,0,2,4,4,4,4,4,1,0,0,0,0,0,0,0,0,
1,0,0,0,0,3,4,4,4,4,2,0,0,0,0,0,0,2,4,4,4,4,4,1,0,0,0,0,0,0,0,0,
1,0,0,0,0,3,4,4,4,4,2,2,2,2,2,2,2,2,4,4,4,4,4,1,0,0,0,0,0,0,0,0,
1,0,0,0,0,3,4,4,4,4,4,4,4,4,4,4,4,4,4,4,4,4,4,1,0,0,0,0,0,0,0,0,
1,0,0,0,0,1,1,4,4,4,4,4,4,4,4,4,4,4,4,4,4,4,4,1,0,0,0,0,0,0,0,0,
1,0,0,0,0,1,1,1,1,1,1,1,1,1,1,1,1,1,1,1,1,1,1,1,0,0,0,0,0,0,0,0,
1,0,0,0,0,1,0,0,0,0,0,0,0,0,0,0,0,0,0,0,0,0,0,0,0,0,0,0,0,0,0,0,
1,0,0,0,0,1,0,0,0,0,0,0,0,0,0,0,0,0,0,0,0,0,0,0,0,0,0,0,0,0,0,0,
1,0,0,0,0,1,0,0,0,0,0,0,0,0,0,0,0,0,0,0,0,0,0,0,0,0,0,0,0,0,0,0,
1,0,0,0,0,1,0,0,0,0,0,0,0,0,0,0,0,0,0,0,0,0,0,0,0,0,0,0,0,0,0,0,
1,0,0,0,0,1,0,0,0,0,0,0,0,0,0,0,0,0,0,0,0,0,0,0,0,0,0,0,0,0,0,0,
1,0,0,0,0,1,0,0,0,0,0,0,0,0,0,0,0,0,0,0,0,0,0,0,0,0,0,0,0,0,0,0,
1,0,0,0,0,1,0,0,0,0,0,0,0,0,0,0,0,0,0,0,0,0,0,0,0,0,0,0,0,0,0,0,
1,0,0,0,0,1,0,0,0,0,0,0,0,0,0,0,0,0,0,0,0,0,0,0,0,0,0,0,0,0,0,0,
1,0,0,0,0,1,0,0,0,0,0,0,0,0,0,0,0,0,0,0,0,0,0,0,0,0,0,0,0,0,0,0,
0,0,0,0,0,0,0,0,0,0,0,0,0,0,0,0,0,0,0,0,0,0,0,0,0,0,0,0,0,0,0,0,
0,0,0,0,0,0,0,0,0,0,0,0,0,0,0,0,0,0,0,0,0,0,0,0,0,0,0,0,0,0,0,0

[enemygroup]
# 2 snakes
type=snake
location=4,5,1,5
level=1,1
number=2,2

[enemygroup]
# 2 Ghosts
type=ghost
location=9,5,1,5
level=1,1
number=2,2

[event]
# Chest
type=run_once
location=2,5,1,1
hotspot=-16,-16,32,32
loot=id,2,6,3;id,2,6,3
mapmod=object,2,5,206
tooltip=Chest

[event]
# Chest
type=run_once
location=2,9,1,1
hotspot=-16,-16,32,32
loot=id,3,9,1;id,3,10,2
mapmod=object,2,9,206
tooltip=Chest

[event]
# Teleport to Castle4
type=teleport
location=31,10,1,4
intermap=castle4.txt,1,16

