[header]
width=40
height=32
music=calmtown.ogg
tileset=interior.txt
title=Church

[layer]
type=background
data=
541,541,541,541,541,541,541,541,541,541,541,541,541,541,541,541,541,542,489,489,489,489,540,541,541,541,541,541,541,541,541,541,541,541,541,541,541,541,541,541,
541,541,597,541,541,541,541,541,541,541,541,541,541,541,541,541,541,541,541,489,489,541,541,541,541,541,541,541,541,595,541,541,541,597,541,541,541,541,541,541,
541,541,541,541,541,541,541,595,541,541,541,541,541,541,541,541,541,541,541,489,489,541,541,541,541,541,541,541,541,541,541,541,541,541,541,541,541,541,541,541,
541,541,541,541,541,541,541,541,541,541,597,541,541,541,541,541,541,541,541,489,489,541,541,541,541,541,541,541,541,541,541,541,541,595,541,541,541,541,541,541,
541,541,595,541,541,541,541,541,541,541,541,541,541,541,156,156,156,156,156,156,156,156,156,156,156,156,541,597,541,541,541,541,541,541,541,541,597,541,541,541,
541,541,541,541,541,541,541,541,541,541,541,541,541,541,156,156,156,156,156,156,156,156,156,156,156,156,541,541,541,541,541,541,541,541,541,541,541,541,541,541,
541,541,541,541,541,541,541,597,541,541,541,541,541,541,156,156,156,156,156,156,156,156,156,156,156,156,541,541,541,541,541,541,541,541,541,541,595,541,541,541,
541,541,541,541,541,541,541,541,541,541,541,541,541,541,156,156,156,156,156,156,156,156,156,156,156,156,541,541,541,541,541,597,541,541,541,541,541,541,541,541,
541,541,541,541,541,541,541,541,541,541,541,541,541,541,156,156,156,156,156,156,156,156,156,156,156,156,541,541,541,541,541,541,541,541,541,541,541,541,541,541,
541,541,541,541,541,541,541,541,541,541,541,541,541,541,156,156,156,156,156,156,156,156,156,156,156,156,541,541,541,541,541,541,541,541,541,541,541,541,541,541,
541,541,541,541,541,541,541,541,541,541,541,541,541,541,156,156,156,156,156,156,156,156,156,156,156,156,541,541,541,541,541,541,541,541,541,541,541,541,541,541,
541,541,541,156,156,156,156,156,156,156,156,156,156,156,156,156,156,156,156,156,156,156,156,156,156,156,156,156,156,156,156,156,156,156,156,156,156,541,541,541,
541,541,541,156,156,156,156,156,156,156,156,156,156,156,156,156,156,156,156,156,156,156,156,156,156,156,156,156,156,156,156,156,156,156,156,156,156,541,541,541,
541,541,541,156,156,156,156,156,156,156,156,156,156,156,156,156,156,156,156,156,156,156,156,156,156,156,156,156,156,156,156,156,156,156,156,156,156,541,541,541,
541,541,541,156,156,156,156,156,156,156,156,156,156,156,156,156,156,156,156,156,156,156,156,156,156,156,156,156,156,156,156,156,156,156,156,156,156,541,541,541,
541,541,541,156,156,156,156,156,156,156,156,156,156,156,156,156,156,156,156,156,156,156,156,156,156,156,156,156,156,156,156,156,156,156,156,156,156,541,541,541,
541,541,541,156,156,156,156,156,156,156,156,156,156,156,156,156,156,156,156,156,156,156,156,156,156,156,156,156,156,156,156,156,156,156,156,156,156,541,541,541,
541,541,541,156,156,156,156,156,156,156,156,156,156,156,156,156,156,156,156,156,156,156,156,156,156,156,156,156,156,156,156,156,156,156,156,156,156,541,541,541,
541,541,541,541,541,541,541,541,541,541,541,541,541,541,156,156,156,156,156,156,156,156,156,156,156,156,541,541,541,541,541,541,541,541,541,541,541,541,541,541,
541,541,541,541,541,541,541,541,541,541,541,541,541,541,156,156,156,156,156,156,156,156,156,156,156,156,541,541,541,541,541,541,541,541,541,541,541,541,541,541,
541,541,541,541,541,541,541,541,541,541,541,541,541,541,156,156,156,156,156,156,156,156,156,156,156,156,541,541,541,541,541,541,541,541,541,541,541,541,541,541,
541,541,541,541,597,541,541,541,541,541,541,541,541,541,156,156,156,156,156,156,156,156,156,156,156,156,541,541,541,541,541,541,541,541,541,541,541,541,541,541,
541,541,541,541,541,541,541,541,541,541,541,541,541,541,156,156,156,156,156,156,156,156,156,156,156,156,541,541,597,541,541,541,541,541,595,541,541,597,541,541,
541,541,541,541,541,541,541,541,541,541,541,541,597,541,156,156,156,156,156,156,156,156,156,156,156,156,541,541,541,541,541,541,541,541,541,541,541,541,541,541,
541,541,541,541,541,595,541,541,541,541,541,541,541,541,156,156,156,156,156,156,156,156,156,156,156,156,541,541,541,541,541,541,541,541,541,541,541,541,541,541,
541,541,541,541,541,595,595,541,541,541,541,541,541,541,541,541,541,616,616,616,616,616,616,541,541,541,541,541,541,541,541,541,541,597,541,541,541,460,568,568,
541,541,541,597,541,541,541,541,541,595,541,541,541,541,541,541,542,489,489,489,489,489,489,540,541,541,541,541,541,597,541,541,541,541,541,541,541,542,489,489,
541,541,541,541,541,541,541,541,541,541,541,541,541,541,541,541,542,489,489,489,489,489,489,540,541,541,541,541,541,541,541,541,541,541,541,541,541,542,489,489,
541,541,541,541,541,541,541,541,541,541,541,541,541,541,541,541,542,489,489,489,489,489,489,540,541,541,541,541,541,541,541,541,460,568,568,568,568,569,489,489,
541,541,541,541,541,541,541,541,541,541,541,541,541,541,541,541,542,489,489,489,489,489,489,540,541,541,541,541,541,541,541,541,542,489,489,489,489,489,489,489,
541,541,541,541,541,541,541,541,541,541,541,541,541,541,541,541,542,489,489,489,489,489,489,540,541,541,541,541,541,541,541,541,542,489,489,489,489,489,489,489,
541,541,541,541,541,595,541,541,541,541,541,541,541,541,460,568,569,489,489,489,489,489,489,567,568,568,568,568,568,568,568,568,569,489,489,489,489,489,489,489

[layer]
type=object
data=
0,0,0,0,0,0,0,0,0,0,0,0,0,0,0,0,0,0,0,0,0,0,0,0,0,0,0,0,0,0,0,0,0,0,0,0,0,0,0,0,
0,0,0,0,0,0,0,0,0,0,0,0,0,0,0,0,0,0,0,0,0,0,0,0,0,0,0,0,0,0,0,0,0,0,0,0,0,0,0,0,
0,0,0,0,0,0,0,0,0,0,0,0,0,0,0,0,0,0,0,0,0,0,0,0,0,0,0,0,0,0,0,0,0,0,0,0,0,0,0,0,
0,0,0,0,0,0,0,0,0,0,0,0,0,0,0,0,0,0,0,0,0,0,0,0,0,0,0,0,0,0,0,0,0,0,0,0,0,0,0,0,
0,0,0,0,0,0,0,0,0,0,0,0,0,897,962,963,963,963,963,970,971,963,963,963,963,964,898,0,0,0,0,0,0,0,0,0,0,0,0,0,
0,0,0,0,0,0,0,0,0,0,0,0,0,896,719,719,719,719,719,0,0,719,719,719,719,719,895,0,0,0,0,0,0,0,0,0,0,0,0,0,
0,0,0,0,0,0,0,0,0,0,0,0,0,896,0,0,0,0,0,0,0,0,0,0,0,0,895,0,0,0,0,0,0,0,0,0,0,0,0,0,
0,0,0,0,0,0,0,0,0,0,0,0,0,896,0,0,0,0,0,0,0,0,0,0,0,0,895,0,0,0,0,0,0,0,0,0,0,0,0,0,
0,0,0,0,0,0,0,0,0,0,0,0,0,896,0,0,0,0,0,0,0,0,0,0,0,0,895,0,0,0,0,0,0,0,0,0,0,0,0,0,
0,0,0,0,0,0,0,0,0,0,0,0,0,896,0,0,0,740,740,0,0,740,740,0,0,0,895,0,0,0,0,0,0,0,0,0,0,0,0,0,
0,0,0,0,0,0,0,0,0,0,0,0,0,896,0,0,0,740,740,0,0,740,740,0,0,0,895,0,0,0,0,0,0,0,0,0,0,0,0,0,
0,0,897,962,963,963,963,963,963,963,963,963,963,963,0,950,951,740,740,0,0,740,740,950,951,0,963,963,963,963,963,963,963,963,963,963,964,898,0,0,
0,0,896,0,956,957,959,959,960,957,960,0,0,0,0,0,0,740,740,0,0,740,740,0,0,0,0,0,0,0,0,0,0,0,186,182,188,895,0,0,
0,0,896,0,0,0,0,0,0,0,0,0,0,0,0,0,0,740,740,0,0,740,740,0,0,0,0,0,0,0,0,0,0,0,211,209,189,895,0,0,
0,0,896,0,0,0,950,951,0,0,0,0,0,0,0,0,0,0,0,0,0,0,0,0,0,0,0,0,0,0,0,0,950,951,0,0,0,895,0,0,
0,0,896,0,0,0,0,0,0,0,0,0,0,0,0,0,0,0,0,0,0,0,0,0,0,0,0,0,0,0,0,0,0,0,0,0,0,895,0,0,
0,0,896,0,0,0,0,0,0,0,0,0,0,0,0,0,0,0,0,0,0,0,0,0,0,0,0,0,0,0,0,0,0,0,0,0,0,895,0,0,
0,0,896,0,0,0,0,0,0,0,0,0,0,0,0,0,0,0,0,0,0,0,0,0,0,0,0,0,0,0,0,0,0,0,0,0,0,895,0,0,
0,0,878,879,879,879,880,880,880,880,879,879,879,893,0,950,951,0,0,0,0,0,0,950,951,0,894,879,879,879,880,880,880,880,879,879,879,892,0,0,
0,0,719,719,719,719,719,719,719,719,719,719,719,896,0,743,743,0,0,0,0,0,0,743,743,0,895,719,719,719,719,719,719,719,719,719,719,719,0,0,
0,0,0,0,0,0,0,0,0,0,0,0,0,896,0,0,0,0,0,0,0,0,0,0,0,0,895,0,0,0,0,0,0,0,0,0,0,0,0,0,
0,0,0,0,0,0,0,0,0,0,0,0,0,896,0,0,0,0,0,0,0,0,0,0,0,0,895,0,0,0,0,0,0,0,0,0,0,0,0,0,
0,0,0,0,0,0,0,0,0,0,0,0,0,896,0,0,0,0,0,0,0,0,0,0,0,0,895,0,0,0,0,0,0,0,0,0,0,0,0,0,
0,0,0,0,0,0,0,0,0,0,0,0,0,896,0,0,0,0,0,0,0,0,0,0,0,0,895,0,0,0,0,0,0,0,0,0,0,0,0,0,
0,0,0,0,0,0,0,0,0,0,0,0,0,896,0,0,0,0,0,0,0,0,0,0,0,0,895,0,0,0,0,0,0,0,0,0,0,0,0,0,
0,0,0,0,0,0,0,0,0,0,0,0,0,878,879,879,879,0,0,0,0,0,0,879,879,879,892,0,0,0,0,0,0,0,0,0,0,0,0,0,
0,0,0,0,0,0,0,0,0,0,0,0,0,0,0,0,0,0,0,0,0,0,0,0,0,0,0,0,0,0,0,0,0,0,0,0,0,0,0,0,
0,0,0,0,0,0,0,0,0,0,0,0,0,0,0,0,0,0,0,0,0,0,0,0,0,0,0,0,0,0,0,0,0,0,0,0,0,0,0,0,
0,0,0,0,0,0,0,0,0,0,0,0,0,0,0,0,0,0,0,0,0,0,0,0,0,0,0,0,0,0,0,0,0,0,0,0,0,0,0,0,
0,0,0,0,0,0,0,0,0,0,0,0,0,0,0,0,0,0,0,0,0,0,0,0,0,0,0,0,0,0,0,0,0,0,0,0,0,0,0,0,
0,0,0,0,0,0,0,0,0,0,0,0,0,0,0,0,0,0,0,0,0,0,0,0,0,0,0,0,0,0,0,0,0,0,0,0,0,0,0,0,
0,0,0,0,0,0,0,0,0,0,0,0,0,0,0,0,0,0,0,0,0,0,0,0,0,0,0,0,0,0,0,0,0,0,0,0,0,0,0,0

[layer]
type=collision
data=
0,0,0,0,0,0,0,0,0,0,0,0,0,0,0,0,0,0,0,0,0,0,0,0,0,0,0,0,0,0,0,0,0,0,0,0,0,0,0,0,
0,0,0,0,0,0,0,0,0,0,0,0,0,0,0,0,0,0,0,0,0,0,0,0,0,0,0,0,0,0,0,0,0,0,0,0,0,0,0,0,
0,0,0,0,0,0,0,0,0,0,0,0,0,0,0,0,0,0,1,1,1,1,0,0,0,0,0,0,0,0,0,0,0,0,0,0,0,0,0,0,
0,0,0,0,0,0,0,0,0,0,0,0,0,0,0,0,0,0,1,0,0,1,0,0,0,0,0,0,0,0,0,0,0,0,0,0,0,0,0,0,
0,0,0,0,0,0,0,0,0,0,0,0,0,1,1,1,1,1,1,0,0,1,1,1,1,1,1,0,0,0,0,0,0,0,0,0,0,0,0,0,
0,0,0,0,0,0,0,0,0,0,0,0,0,1,3,3,3,3,3,0,0,3,3,3,3,3,1,0,0,0,0,0,0,0,0,0,0,0,0,0,
0,0,0,0,0,0,0,0,0,0,0,0,0,1,0,0,0,0,0,0,0,0,0,0,0,0,1,0,0,0,0,0,0,0,0,0,0,0,0,0,
0,0,0,0,0,0,0,0,0,0,0,0,0,1,0,0,0,0,0,0,0,0,0,0,0,0,1,0,0,0,0,0,0,0,0,0,0,0,0,0,
0,0,0,0,0,0,0,0,0,0,0,0,0,1,0,0,0,0,0,0,0,0,0,0,0,0,1,0,0,0,0,0,0,0,0,0,0,0,0,0,
0,0,0,0,0,0,0,0,0,0,0,0,0,1,0,0,0,4,4,0,0,4,4,0,0,0,1,0,0,0,0,0,0,0,0,0,0,0,0,0,
0,0,0,0,0,0,0,0,0,0,0,0,0,1,0,0,0,4,4,0,0,4,4,0,0,0,1,0,0,0,0,0,0,0,0,0,0,0,0,0,
0,0,1,1,1,1,1,1,1,1,1,1,1,1,0,1,1,4,4,0,0,4,4,1,1,0,1,1,1,1,1,1,1,1,1,1,1,1,0,0,
0,0,1,0,3,3,3,3,3,3,3,0,0,0,0,0,0,4,4,0,0,4,4,0,0,0,0,0,0,0,0,0,0,0,0,0,0,1,0,0,
0,0,1,0,0,0,0,0,0,0,0,0,0,0,0,0,0,4,4,0,0,4,4,0,0,0,0,0,0,0,0,0,0,0,0,0,0,1,0,0,
0,0,1,0,0,0,1,1,0,0,0,0,0,0,0,0,0,0,0,0,0,0,0,0,0,0,0,0,0,0,0,0,1,1,0,0,0,1,0,0,
0,0,1,0,0,0,0,0,0,0,0,0,0,0,0,0,0,0,0,0,0,0,0,0,0,0,0,0,0,0,0,0,0,0,0,0,0,1,0,0,
0,0,1,0,0,0,0,0,0,0,0,0,0,0,0,0,0,0,0,0,0,0,0,0,0,0,0,0,0,0,0,0,0,0,0,0,0,1,0,0,
0,0,1,0,0,0,0,0,0,0,0,0,0,0,0,0,0,0,0,0,0,0,0,0,0,0,0,0,0,0,0,0,0,0,0,0,0,1,0,0,
0,0,1,1,1,1,1,1,1,1,1,1,1,1,0,1,1,0,0,0,0,0,0,1,1,0,1,1,1,1,1,1,1,1,1,1,1,1,0,0,
0,0,0,0,0,0,0,0,0,0,0,0,0,1,0,4,4,0,0,0,0,0,0,4,4,0,1,0,0,0,0,0,0,0,0,0,0,0,0,0,
0,0,0,0,0,0,0,0,0,0,0,0,0,1,0,0,0,0,0,0,0,0,0,0,0,0,1,0,0,0,0,0,0,0,0,0,0,0,0,0,
0,0,0,0,0,0,0,0,0,0,0,0,0,1,0,0,0,0,0,0,0,0,0,0,0,0,1,0,0,0,0,0,0,0,0,0,0,0,0,0,
0,0,0,0,0,0,0,0,0,0,0,0,0,1,0,0,0,0,0,0,0,0,0,0,0,0,1,0,0,0,0,0,0,0,0,0,0,0,0,0,
0,0,0,0,0,0,0,0,0,0,0,0,0,1,0,0,0,0,0,0,0,0,0,0,0,0,1,0,0,0,0,0,0,0,0,0,0,0,0,0,
0,0,0,0,0,0,0,0,0,0,0,0,0,1,0,0,0,0,0,0,0,0,0,0,0,0,1,0,0,0,0,0,0,0,0,0,0,0,0,0,
0,0,0,0,0,0,0,0,0,0,0,0,0,1,1,1,1,0,0,0,0,0,0,1,1,1,1,0,0,0,0,0,0,0,0,0,0,0,0,0,
0,0,0,0,0,0,0,0,0,0,0,0,0,0,0,0,1,1,1,1,1,1,1,1,0,0,0,0,0,0,0,0,0,0,0,0,0,0,0,0,
0,0,0,0,0,0,0,0,0,0,0,0,0,0,0,0,0,0,0,0,0,0,0,0,0,0,0,0,0,0,0,0,0,0,0,0,0,0,0,0,
0,0,0,0,0,0,0,0,0,0,0,0,0,0,0,0,0,0,0,0,0,0,0,0,0,0,0,0,0,0,0,0,0,0,0,0,0,0,0,0,
0,0,0,0,0,0,0,0,0,0,0,0,0,0,0,0,0,0,0,0,0,0,0,0,0,0,0,0,0,0,0,0,0,0,0,0,0,0,0,0,
0,0,0,0,0,0,0,0,0,0,0,0,0,0,0,0,0,0,0,0,0,0,0,0,0,0,0,0,0,0,0,0,0,0,0,0,0,0,0,0,
0,0,0,0,0,0,0,0,0,0,0,0,0,0,0,0,0,0,0,0,0,0,0,0,0,0,0,0,0,0,0,0,0,0,0,0,0,0,0,0

[npc]
# Deacon
type=deacon
location=8,13,1,1

[event]
# Teleport to Graveyard
type=teleport
location=19,3,2,1
intermap=laurelia.txt,35,63

[event]
# Teleport to road
type=teleport
location=17,25,6,1
intermap=laurelia.txt,35,77

