[header]
width=32
height=32
music=calmtown.ogg
tileset=interior.txt
title=Inn, 2nd Floor

[layer]
type=background
data=
541,541,541,541,541,541,541,541,541,541,541,541,541,541,541,541,541,541,541,541,541,541,541,541,541,541,541,541,541,541,541,541,
541,541,541,541,541,541,541,541,541,541,541,541,541,541,541,541,541,541,541,541,541,541,541,541,541,541,541,541,541,541,541,541,
541,541,541,541,541,541,541,541,541,541,541,541,541,541,541,541,541,541,541,541,541,541,541,541,541,541,541,541,541,541,541,541,
541,541,541,541,541,541,541,541,541,541,541,541,541,541,541,541,541,541,541,541,541,541,541,541,541,541,541,541,541,541,541,541,
541,541,541,541,541,541,541,541,541,541,541,541,541,541,541,541,541,541,541,541,541,541,541,541,541,541,541,541,541,541,541,541,
541,541,541,541,541,541,541,541,541,541,541,541,541,541,541,541,541,541,541,541,541,541,541,541,541,541,541,541,541,541,541,541,
541,541,541,541,541,541,541,541,541,541,541,541,541,541,541,541,541,541,541,541,541,541,541,541,541,541,541,541,541,541,541,541,
541,541,541,541,541,541,541,541,541,541,541,541,541,541,541,541,541,541,541,541,541,541,541,541,541,541,541,541,541,541,541,541,
541,541,541,541,541,541,541,541,541,541,541,541,541,541,541,541,541,541,541,541,541,541,541,541,541,541,541,541,541,541,541,541,
541,541,541,541,541,541,541,541,541,541,541,541,541,541,541,541,541,541,541,541,541,541,541,541,541,541,541,541,541,541,541,541,
541,541,541,541,541,541,541,541,541,541,541,541,541,541,541,541,541,541,541,541,541,541,541,541,541,541,541,541,541,541,541,541,
541,541,541,541,541,541,541,541,541,541,541,541,541,541,541,541,541,541,541,541,541,541,541,541,541,541,541,541,541,541,541,541,
541,541,541,541,541,541,541,541,541,541,541,541,541,541,541,541,541,541,541,541,541,541,541,541,541,541,541,541,541,541,541,541,
541,541,541,541,541,541,541,541,541,541,541,541,541,541,541,541,541,541,541,541,541,541,541,541,541,541,541,541,541,541,541,541,
541,541,541,541,541,541,541,541,541,541,541,541,541,541,541,541,541,541,541,541,541,541,541,541,541,541,541,541,541,541,541,541,
541,541,541,541,541,616,616,616,616,616,616,616,616,616,616,616,616,616,616,616,616,616,616,616,616,616,616,541,541,541,541,541,
541,541,541,541,541,616,86,87,616,616,616,616,616,616,616,616,616,616,616,616,616,616,616,616,92,93,616,541,541,541,541,541,
541,541,541,541,616,616,616,616,616,616,616,616,616,616,616,616,616,616,616,616,616,616,616,616,616,616,616,541,541,541,541,541,
541,541,541,541,616,616,616,616,616,616,616,616,616,616,616,616,616,616,616,616,616,616,616,616,616,616,616,616,541,541,541,541,
541,541,541,541,616,616,616,616,616,616,616,616,616,616,616,616,616,616,616,616,616,616,616,616,616,616,616,616,541,541,541,541,
541,541,541,541,616,616,616,616,616,616,616,616,616,616,616,616,616,616,616,616,616,616,616,616,616,616,616,616,541,541,541,541,
541,541,541,541,616,616,616,616,616,616,616,616,616,616,616,616,616,616,616,616,616,616,616,616,616,616,616,616,541,541,541,541,
541,541,541,541,616,616,616,616,616,616,616,616,616,616,616,616,616,616,616,616,616,616,616,616,616,616,616,616,541,541,541,541,
541,541,541,541,0,616,616,616,616,616,616,616,616,616,616,616,616,616,616,616,616,616,616,616,616,616,616,616,541,541,541,541,
541,541,541,541,0,616,616,616,616,616,616,616,616,616,616,616,616,616,616,616,616,616,616,616,616,616,616,616,616,541,541,541,
541,541,541,541,0,616,616,616,616,616,616,616,616,616,616,616,616,616,616,616,616,616,616,616,616,616,616,616,616,541,541,541,
541,541,541,541,0,616,616,616,616,616,616,616,616,616,616,616,616,616,616,616,616,616,616,616,616,616,616,0,616,541,541,541,
541,541,541,541,616,616,616,616,616,616,616,616,616,616,616,616,616,616,616,616,616,616,616,616,616,616,616,616,541,541,541,541,
541,541,541,541,616,616,616,616,616,616,616,616,616,616,616,616,616,616,616,616,616,616,616,616,616,616,616,616,541,541,541,541,
541,541,541,541,541,541,541,541,541,541,541,541,541,541,616,616,616,616,541,541,541,541,541,541,541,541,541,541,541,541,541,541,
541,541,541,541,541,541,541,541,541,541,542,489,489,489,489,489,489,489,543,541,541,541,541,541,541,541,541,541,541,541,541,541,
541,541,541,541,541,541,541,460,568,568,569,489,489,489,489,489,489,489,543,541,541,541,541,541,541,541,541,541,541,541,541,541

[layer]
type=object
data=
0,0,0,0,0,0,0,0,0,0,0,0,0,0,0,0,0,0,0,0,0,0,0,0,0,0,0,0,0,0,0,0,
0,0,0,0,0,0,0,0,0,0,0,0,0,0,0,0,0,0,0,0,0,0,0,0,0,0,0,0,0,0,0,0,
0,0,0,0,0,0,0,0,0,0,0,0,0,0,0,0,0,0,0,0,0,0,0,0,0,0,0,0,0,0,0,0,
0,0,0,0,0,0,0,0,0,0,0,0,0,0,0,0,0,0,0,0,0,0,0,0,0,0,0,0,0,0,0,0,
0,0,0,0,0,0,0,0,0,0,0,0,0,0,0,0,0,0,0,0,0,0,0,0,0,0,0,0,0,0,0,0,
0,0,0,0,0,0,0,0,0,0,0,0,0,0,0,0,0,0,0,0,0,0,0,0,0,0,0,0,0,0,0,0,
0,0,0,0,0,0,0,0,0,0,0,0,0,0,0,0,0,0,0,0,0,0,0,0,0,0,0,0,0,0,0,0,
0,0,0,0,0,0,0,0,0,0,0,0,0,0,0,0,0,0,0,0,0,0,0,0,0,0,0,0,0,0,0,0,
0,0,0,0,0,0,0,0,0,0,0,0,0,0,0,0,0,0,0,0,0,0,0,0,0,0,0,0,0,0,0,0,
0,0,0,0,0,0,0,0,0,0,0,0,0,0,0,0,0,0,0,0,0,0,0,0,0,0,0,0,0,0,0,0,
0,0,0,0,0,0,0,0,0,0,0,0,0,0,0,0,0,0,0,0,0,0,0,0,0,0,0,0,0,0,0,0,
0,0,0,0,0,0,0,0,0,0,0,0,0,0,0,0,0,0,0,0,0,0,0,0,0,0,0,0,0,0,0,0,
0,0,0,0,0,0,0,0,0,0,0,0,0,0,0,0,0,0,0,0,0,0,0,0,0,0,0,0,0,0,0,0,
0,0,0,0,0,0,0,0,0,0,0,0,0,0,0,0,0,0,0,0,0,0,0,0,0,0,0,0,0,0,0,0,
0,0,0,0,0,0,0,0,0,0,0,0,0,0,0,0,0,0,0,0,0,0,0,0,0,0,0,0,0,0,0,0,
0,0,0,0,897,907,908,908,908,908,908,908,908,908,908,908,908,908,908,908,908,908,908,908,908,908,909,898,0,0,0,0,
0,0,0,0,896,0,0,0,0,0,0,0,0,0,0,0,0,0,0,0,0,0,0,0,0,0,0,895,0,0,0,0,
0,0,0,0,896,0,0,0,0,0,0,0,0,0,0,0,0,0,0,0,0,0,0,0,0,0,0,895,0,0,0,0,
0,0,0,897,896,0,0,0,0,0,0,0,0,0,0,0,0,0,0,0,0,0,0,0,0,0,0,895,898,0,0,0,
0,0,0,896,896,0,0,0,0,0,0,0,0,0,0,0,0,0,0,0,0,0,0,0,0,0,0,895,895,0,0,0,
0,0,0,896,896,907,908,908,908,908,908,908,908,909,937,0,0,0,938,907,908,908,908,908,908,908,909,895,895,0,0,0,
0,0,0,896,896,0,0,0,0,0,0,0,0,0,937,0,0,0,938,0,0,0,0,0,0,0,0,895,895,0,0,0,
0,0,0,896,896,798,799,0,0,0,0,0,0,0,0,0,0,0,0,0,0,0,0,0,0,800,801,895,895,0,0,0,
0,0,0,896,896,0,0,0,0,0,0,0,0,0,0,0,0,0,0,0,0,0,0,0,0,0,0,895,895,0,0,0,
0,0,0,896,896,0,0,0,0,0,0,0,0,0,0,0,0,0,0,0,0,0,0,0,0,0,0,895,895,0,0,0,
0,0,0,896,896,0,0,0,0,0,0,0,0,0,0,0,0,0,0,0,0,0,0,0,0,0,0,895,895,0,0,0,
0,0,0,896,920,921,921,921,921,921,921,921,921,921,921,921,921,921,921,921,921,921,921,921,921,921,921,934,895,0,0,0,
0,0,0,896,0,0,0,0,0,0,0,0,0,0,0,0,0,0,0,0,0,0,0,0,0,0,0,0,895,0,0,0,
0,0,0,896,0,0,0,0,0,0,0,0,0,0,0,0,0,0,0,0,0,0,0,0,0,0,0,0,895,0,0,0,
0,0,0,920,921,922,922,922,922,921,929,921,921,923,925,925,926,926,928,921,921,921,921,922,922,922,922,921,934,0,0,0,
0,0,0,0,0,0,0,0,0,0,0,0,0,0,0,0,0,0,0,0,0,0,0,0,0,0,0,0,0,0,0,0,
0,0,0,0,0,0,0,0,0,0,0,0,0,0,0,0,0,0,0,0,0,0,0,0,0,0,0,0,0,0,0,0

[layer]
type=collision
data=
0,0,0,0,0,0,0,0,0,0,0,0,0,0,0,0,0,0,0,0,0,0,0,0,0,0,0,0,0,0,0,0,
0,0,0,0,0,0,0,0,0,0,0,0,0,0,0,0,0,0,0,0,0,0,0,0,0,0,0,0,0,0,0,0,
0,0,0,0,0,0,0,0,0,0,0,0,0,0,0,0,0,0,0,0,0,0,0,0,0,0,0,0,0,0,0,0,
0,0,0,0,0,0,0,0,0,0,0,0,0,0,0,0,0,0,0,0,0,0,0,0,0,0,0,0,0,0,0,0,
0,0,0,0,0,0,0,0,0,0,0,0,0,0,0,0,0,0,0,0,0,0,0,0,0,0,0,0,0,0,0,0,
0,0,0,0,0,0,0,0,0,0,0,0,0,0,0,0,0,0,0,0,0,0,0,0,0,0,0,0,0,0,0,0,
0,0,0,0,0,0,0,0,0,0,0,0,0,0,0,0,0,0,0,0,0,0,0,0,0,0,0,0,0,0,0,0,
0,0,0,0,0,0,0,0,0,0,0,0,0,0,0,0,0,0,0,0,0,0,0,0,0,0,0,0,0,0,0,0,
0,0,0,0,0,0,0,0,0,0,0,0,0,0,0,0,0,0,0,0,0,0,0,0,0,0,0,0,0,0,0,0,
0,0,0,0,0,0,0,0,0,0,0,0,0,0,0,0,0,0,0,0,0,0,0,0,0,0,0,0,0,0,0,0,
0,0,0,0,0,0,0,0,0,0,0,0,0,0,0,0,0,0,0,0,0,0,0,0,0,0,0,0,0,0,0,0,
0,0,0,0,0,0,0,0,0,0,0,0,0,0,0,0,0,0,0,0,0,0,0,0,0,0,0,0,0,0,0,0,
0,0,0,0,0,0,0,0,0,0,0,0,0,0,0,0,0,0,0,0,0,0,0,0,0,0,0,0,0,0,0,0,
0,0,0,0,0,0,0,0,0,0,0,0,0,0,0,0,0,0,0,0,0,0,0,0,0,0,0,0,0,0,0,0,
0,0,0,0,0,0,0,0,0,0,0,0,0,0,0,0,0,0,0,0,0,0,0,0,0,0,0,0,0,0,0,0,
0,0,0,0,1,1,1,1,1,1,1,1,1,1,1,1,1,1,1,1,1,1,1,1,1,1,1,1,0,0,0,0,
0,0,0,0,1,0,0,3,3,0,0,0,0,0,0,0,0,0,0,0,0,0,0,3,3,0,0,1,0,0,0,0,
0,0,0,0,1,0,3,3,3,0,0,0,0,0,0,0,0,0,0,0,0,0,0,3,3,3,0,1,0,0,0,0,
0,0,0,1,1,0,0,0,0,0,0,0,0,0,0,0,0,0,0,0,0,0,0,0,0,0,0,1,1,0,0,0,
0,0,0,1,1,1,1,1,1,1,1,1,1,1,1,0,0,0,1,1,1,1,1,1,1,1,1,1,1,0,0,0,
0,0,0,1,1,1,1,1,1,1,1,1,1,1,1,0,0,0,1,1,1,1,1,1,1,1,1,1,1,0,0,0,
0,0,0,1,1,3,3,0,0,0,0,0,0,0,1,0,0,0,1,0,0,0,0,0,0,3,3,1,1,0,0,0,
0,0,0,1,1,3,3,0,0,0,0,0,0,0,0,0,0,0,0,0,0,0,0,0,0,3,3,1,1,0,0,0,
0,0,0,1,1,3,3,0,0,0,0,0,0,0,0,0,0,0,0,0,0,0,0,0,0,3,3,1,1,0,0,0,
0,0,0,1,1,0,0,0,0,0,0,0,0,0,0,0,0,0,0,0,0,0,0,0,0,0,0,1,1,0,0,0,
0,0,0,1,1,1,1,1,1,1,1,1,1,1,1,1,1,1,1,1,1,1,1,1,1,1,1,1,1,0,0,0,
0,0,0,1,0,0,0,0,0,0,0,0,0,0,0,0,0,0,0,0,0,0,0,0,0,0,0,0,1,0,0,0,
0,0,0,1,0,0,0,0,0,0,0,0,0,0,0,0,0,0,0,0,0,0,0,0,0,0,0,0,1,0,0,0,
0,0,0,1,0,0,0,0,0,0,0,0,0,0,0,0,0,0,0,0,0,0,0,0,0,0,0,0,1,0,0,0,
0,0,0,1,1,1,1,1,1,1,1,1,1,1,0,0,0,0,1,1,1,1,1,1,1,1,1,1,1,0,0,0,
0,0,0,0,0,0,0,0,0,0,0,0,0,0,0,0,0,0,0,0,0,0,0,0,0,0,0,0,0,0,0,0,
0,0,0,0,0,0,0,0,0,0,0,0,0,0,0,0,0,0,0,0,0,0,0,0,0,0,0,0,0,0,0,0

[event]
# Teleport to inn1st
type=teleport
location=25,16,1,1
intermap=inn1st.txt,25,19

[event]
# Teleport to inn1st
type=teleport
location=6,16,1,1
intermap=inn1st.txt,6,19

[npc]
# Vacationera
type=vacationera
location=7,21,1,1

[npc]
# Guard
type=guard
location=24,21,1,1

[npc]
# Vacationer B
type=vacationerb
location=8,21,1,1

