[header]
width=18
height=21
music=calmtown.ogg
tileset=outside.txt
title=Jail

[layer]
type=background
data=
158,158,158,158,158,158,158,158,46,46,46,158,158,158,158,158,158,158,
158,158,158,158,158,158,158,158,46,46,46,158,158,158,158,158,158,158,
158,158,158,158,158,158,158,158,77,77,77,158,158,158,158,158,158,158,
158,158,158,158,158,158,158,158,131,131,131,158,158,158,158,158,158,158,
158,158,158,158,158,158,158,158,46,46,46,158,158,158,158,158,158,158,
158,158,46,46,46,46,46,46,46,46,46,46,46,46,46,46,158,158,
158,158,46,46,46,46,46,46,46,46,46,46,46,46,46,46,158,158,
158,158,46,46,46,46,46,46,46,46,46,46,46,46,46,46,158,158,
158,158,46,46,46,46,46,46,46,46,46,46,46,46,46,46,158,158,
158,158,46,46,46,46,46,46,46,46,46,46,46,46,46,46,158,158,
158,158,46,46,46,46,46,46,46,46,46,46,46,46,46,46,158,158,
158,158,77,77,77,46,46,46,46,46,46,46,46,46,46,46,158,158,
158,158,104,104,104,104,105,46,77,77,77,46,46,46,46,46,158,158,
158,158,104,104,104,104,105,46,158,158,158,46,46,46,46,46,158,158,
158,158,104,104,104,23,132,46,158,23,131,46,46,46,46,46,158,158,
158,158,131,131,131,132,46,46,130,132,46,46,46,46,46,46,158,158,
158,158,46,46,46,46,46,46,46,46,46,46,46,46,46,46,158,158,
158,158,46,46,46,46,46,46,46,46,46,46,46,46,46,46,158,158,
158,158,158,158,158,158,158,158,158,158,158,158,158,158,158,158,158,158,
158,158,158,158,158,158,158,158,158,158,158,158,158,158,158,158,158,158,
158,158,158,158,158,158,158,158,158,158,158,158,158,158,158,158,158,158

[layer]
type=object
data=
0,0,0,0,0,0,0,0,885,0,883,0,0,0,0,0,0,0,
0,0,0,0,0,0,0,0,885,0,883,0,0,0,0,0,0,0,
0,0,0,0,0,0,0,0,885,0,883,0,0,0,0,0,0,0,
0,0,0,0,0,0,0,0,885,0,883,0,0,0,0,0,0,0,
0,0,0,0,0,0,0,0,885,0,883,0,0,0,0,0,0,0,
0,0,892,879,879,879,879,879,880,0,878,879,879,879,879,891,0,0,
0,0,885,0,0,0,0,0,0,0,0,0,0,0,0,883,0,0,
0,0,885,0,0,0,0,0,0,0,0,0,0,0,0,883,0,0,
0,0,885,0,0,0,0,0,0,0,0,0,0,0,0,883,0,0,
0,0,885,0,0,0,0,0,0,0,0,0,0,0,894,883,0,0,
0,0,885,0,0,0,0,0,0,0,0,0,0,0,0,883,0,0,
0,0,885,0,886,887,887,887,888,0,886,887,887,887,887,889,0,0,
0,0,885,0,878,879,879,891,885,0,883,892,879,879,879,891,0,0,
0,0,885,0,0,0,0,883,885,0,883,885,0,0,0,883,0,0,
0,0,885,0,0,0,0,883,885,0,883,885,0,0,0,883,0,0,
0,0,885,0,0,0,0,883,885,0,878,880,0,0,0,883,0,0,
0,0,885,0,0,0,0,883,885,0,0,0,0,0,0,883,0,0,
0,0,885,0,0,0,0,883,885,0,886,888,0,0,0,883,0,0,
0,0,890,887,887,887,887,889,890,887,889,890,887,887,887,889,0,0,
0,0,0,0,0,0,0,0,0,0,0,0,0,0,0,0,0,0,
0,0,0,0,0,0,0,0,0,0,0,0,0,0,0,0,0,0

[layer]
type=collision
data=
0,0,0,0,0,0,0,0,1,0,1,0,0,0,0,0,0,0,
0,0,0,0,0,0,0,0,1,0,1,0,0,0,0,0,0,0,
0,0,0,0,0,0,0,0,1,4,1,0,0,0,0,0,0,0,
0,0,0,0,0,0,0,0,1,4,1,0,0,0,0,0,0,0,
0,0,0,0,0,0,0,0,1,0,1,0,0,0,0,0,0,0,
0,0,1,1,1,1,1,1,1,0,1,1,1,1,1,1,0,0,
0,0,1,0,0,0,0,0,0,0,0,0,0,0,0,1,0,0,
0,0,1,0,0,0,0,0,0,0,0,0,0,1,1,1,0,0,
0,0,1,0,0,0,0,0,0,0,0,0,0,1,0,1,0,0,
0,0,1,0,0,0,0,0,0,0,0,0,0,1,0,1,0,0,
0,0,1,0,0,0,0,0,0,0,0,0,0,0,0,1,0,0,
0,0,1,4,1,1,1,1,1,0,1,1,1,1,1,1,0,0,
0,0,1,4,1,1,1,1,1,4,1,1,1,1,1,1,0,0,
0,0,1,4,4,4,4,1,1,4,1,1,0,0,0,1,0,0,
0,0,1,4,4,4,4,1,1,4,1,1,0,0,0,1,0,0,
0,0,1,4,4,4,0,1,1,4,1,1,0,0,0,1,0,0,
0,0,1,0,0,0,0,1,1,0,0,0,0,0,0,1,0,0,
0,0,1,0,0,0,0,1,1,0,1,1,0,0,0,1,0,0,
0,0,1,1,1,1,1,1,1,1,1,1,1,1,1,1,0,0,
0,0,0,0,0,0,0,0,0,0,0,0,0,0,0,0,0,0,
0,0,0,0,0,0,0,0,0,0,0,0,0,0,0,0,0,0

[event]
# Teleport to Barracks
type=teleport
location=14,9,1,1
intermap=barracks.txt,46,7

[event]
# Teleport to waterway
type=teleport
location=9,0,1,1
intermap=waterway.txt

