[header]
width=28
height=18
music=calmtown.ogg
tileset=interior.txt
title=Library

[layer]
type=background
data=
541,541,541,541,541,541,541,541,541,541,541,541,541,541,541,541,541,541,541,541,541,541,541,541,541,541,541,541,
541,541,541,541,541,541,541,541,541,541,541,541,541,541,541,541,541,541,541,541,541,541,541,541,541,541,541,541,
541,541,541,541,541,541,541,541,541,541,541,541,541,541,541,541,541,541,541,541,541,541,541,541,541,541,541,541,
541,541,541,541,541,541,541,541,541,541,541,541,541,541,541,541,541,541,541,541,541,541,541,541,541,541,541,541,
541,541,541,541,541,541,541,541,541,541,541,541,541,541,541,541,541,541,541,541,541,541,541,541,541,541,541,541,
541,541,541,541,541,541,541,541,541,541,541,541,541,541,541,541,541,541,541,541,541,541,541,541,541,541,541,541,
541,541,541,541,541,541,541,541,541,541,541,541,541,541,541,541,541,541,541,541,541,541,541,541,541,541,541,541,
541,541,541,541,541,541,541,541,541,541,541,541,541,541,541,541,541,541,541,541,541,541,541,541,541,541,541,541,
541,541,541,541,541,541,541,541,541,541,541,541,541,481,483,541,541,541,541,541,541,541,541,541,541,541,541,541,
541,541,541,541,616,616,616,616,616,616,616,616,616,508,510,616,616,616,616,616,616,616,616,616,541,541,541,541,
541,541,541,541,541,541,541,541,541,541,541,541,541,508,510,541,541,541,541,541,541,541,541,541,541,541,541,541,
541,541,541,541,541,541,541,541,541,541,541,541,541,508,510,541,541,541,541,541,541,541,541,541,541,541,541,541,
541,541,541,541,541,541,541,541,541,541,541,541,541,508,510,541,541,541,541,541,541,541,541,541,541,541,541,541,
541,541,541,541,541,541,541,541,541,541,541,541,541,508,510,541,541,541,541,541,541,541,541,541,541,541,541,541,
541,541,541,541,541,541,541,541,541,541,541,541,541,535,537,541,541,541,541,541,541,541,541,541,541,541,541,541,
541,541,541,541,541,541,541,541,541,541,541,541,541,616,616,541,541,541,541,541,541,541,541,541,541,541,541,541,
541,541,541,541,541,541,541,541,541,541,541,541,541,541,541,541,541,541,541,541,541,541,541,541,541,541,541,541,
541,541,541,541,541,541,541,541,541,541,541,541,541,541,541,541,541,541,541,541,541,541,541,541,541,541,541,541

[layer]
type=object
data=
0,0,0,0,0,0,0,0,0,0,0,0,0,0,0,0,0,0,0,0,0,0,0,0,0,0,0,0,
0,0,0,0,0,0,0,0,0,0,0,0,0,0,0,0,0,0,0,0,0,0,0,0,0,0,0,0,
0,0,0,0,0,0,0,0,0,0,0,0,0,0,0,0,0,0,0,0,0,0,0,0,0,0,0,0,
0,0,0,0,0,0,0,0,0,0,0,0,0,0,0,0,0,0,0,0,0,0,0,0,0,0,0,0,
0,0,0,0,0,0,0,0,0,0,0,0,0,0,0,0,0,0,0,0,0,0,0,0,0,0,0,0,
0,0,0,0,0,0,0,0,0,0,0,0,0,0,0,0,0,0,0,0,0,0,0,0,0,0,0,0,
0,0,0,0,0,0,0,0,0,0,0,0,0,0,0,0,0,0,0,0,0,0,0,0,0,0,0,0,
0,0,0,0,0,0,0,0,0,0,0,0,0,0,0,0,0,0,0,0,0,0,0,0,0,0,0,0,
0,0,0,897,962,963,963,963,963,963,963,963,963,963,963,963,963,963,963,963,963,963,963,964,898,0,0,0,
0,0,0,896,953,953,953,953,953,953,953,953,953,0,0,953,953,953,953,953,953,953,953,953,895,0,0,0,
0,0,0,896,0,0,0,0,0,0,0,0,0,0,0,0,0,0,0,0,0,0,0,0,895,0,0,0,
0,0,0,896,0,0,0,0,0,0,0,0,0,0,0,0,0,0,0,0,0,0,0,0,895,0,0,0,
0,0,0,896,953,953,953,953,953,953,953,953,953,0,0,953,953,953,953,953,953,953,953,953,895,0,0,0,
0,0,0,896,0,0,0,0,0,0,0,0,0,0,0,0,0,0,0,0,0,0,0,0,895,0,0,0,
0,0,0,896,0,0,0,0,0,0,0,0,0,0,0,0,0,0,0,0,0,0,0,0,895,0,0,0,
0,0,0,878,879,880,880,880,880,880,880,879,892,0,0,878,879,880,880,880,880,880,880,879,892,0,0,0,
0,0,0,0,0,0,0,0,0,0,0,0,0,0,0,0,0,0,0,0,0,0,0,0,0,0,0,0,
0,0,0,0,0,0,0,0,0,0,0,0,0,0,0,0,0,0,0,0,0,0,0,0,0,0,0,0

[layer]
type=collision
data=
0,0,0,0,0,0,0,0,0,0,0,0,0,0,0,0,0,0,0,0,0,0,0,0,0,0,0,0,
0,0,0,0,0,0,0,0,0,0,0,0,0,0,0,0,0,0,0,0,0,0,0,0,0,0,0,0,
0,0,0,0,0,0,0,0,0,0,0,0,0,0,0,0,0,0,0,0,0,0,0,0,0,0,0,0,
0,0,0,0,0,0,0,0,0,0,0,0,0,0,0,0,0,0,0,0,0,0,0,0,0,0,0,0,
0,0,0,0,0,0,0,0,0,0,0,0,0,0,0,0,0,0,0,0,0,0,0,0,0,0,0,0,
0,0,0,0,0,0,0,0,0,0,0,0,0,0,0,0,0,0,0,0,0,0,0,0,0,0,0,0,
0,0,0,0,0,0,0,0,0,0,0,0,0,0,0,0,0,0,0,0,0,0,0,0,0,0,0,0,
0,0,0,0,0,0,0,0,0,0,0,0,0,0,0,0,0,0,0,0,0,0,0,0,0,0,0,0,
0,0,0,1,1,1,1,1,1,1,1,1,1,1,1,1,1,1,1,1,1,1,1,1,1,0,0,0,
0,0,0,1,1,1,1,1,1,1,1,1,1,0,0,1,1,1,1,1,1,1,1,1,1,0,0,0,
0,0,0,1,0,0,0,0,0,0,0,0,0,0,0,0,0,0,0,0,0,0,0,0,1,0,0,0,
0,0,0,1,0,0,0,0,0,0,0,0,0,0,0,0,0,0,0,0,0,0,0,0,1,0,0,0,
0,0,0,1,1,1,1,1,1,1,1,1,1,0,0,1,1,1,1,1,1,1,1,1,1,0,0,0,
0,0,0,1,0,0,0,0,0,0,0,0,0,0,0,0,0,0,0,0,0,0,0,0,1,0,0,0,
0,0,0,1,0,0,0,0,0,0,0,0,0,0,0,0,0,0,0,0,0,0,0,0,1,0,0,0,
0,0,0,1,1,1,1,1,1,1,1,1,1,0,0,1,1,1,1,1,1,1,1,1,1,0,0,0,
0,0,0,0,0,0,0,0,0,0,0,0,3,0,0,3,0,0,0,0,0,0,0,0,0,0,0,0,
0,0,0,0,0,0,0,0,0,0,0,0,0,0,0,0,0,0,0,0,0,0,0,0,0,0,0,0

[event]
# Teleport to Laurelia
type=teleport
location=13,16,2,1
intermap=laurelia.txt,24,92

[event]
# Book
type=run_once
location=11,8,1,1
hotspot=-16,-16,32,32
msg=
tooltip=book

[event]
# Book
type=run_once
location=10,8,1,1
hotspot=-16,-16,32,32
msg=
tooltip=book

[event]
# Book
type=run_once
location=9,8,1,1
hotspot=-16,-16,32,32
msg=
tooltip=book

[event]
# Book
type=run_once
location=8,8,1,1
hotspot=-16,-16,32,32
msg=
tooltip=book

[event]
# Book
type=run_once
location=7,8,1,1
hotspot=-16,-16,32,32
msg=
tooltip=book

[event]
# Book
type=run_once
location=5,8,1,1
hotspot=-16,-16,32,32
msg=
tooltip=book

[event]
# Book
type=run_once
location=12,8,1,1
hotspot=-16,-16,32,32
msg=
tooltip=book

[event]
# Book
type=run_once
location=23,8,1,1
hotspot=-16,-16,32,32
msg=
tooltip=book

[event]
# Book
type=run_once
location=22,8,1,1
hotspot=-16,-16,32,32
msg=
tooltip=book

[event]
# Book
type=run_once
location=21,8,1,1
hotspot=-16,-16,32,32
msg=
tooltip=book

[event]
# Book
type=run_once
location=20,8,1,1
hotspot=-16,-16,32,32
msg=
tooltip=book

[event]
# Book
type=run_once
location=19,8,1,1
hotspot=-16,-16,32,32
msg=
tooltip=book

[event]
# Book
type=run_once
location=18,8,1,1
hotspot=-16,-16,32,32
msg=
tooltip=book

[event]
# Book
type=run_once
location=17,8,1,1
hotspot=-16,-16,32,32
msg=
tooltip=book

[event]
# Book
type=run_once
location=16,8,1,1
hotspot=-16,-16,32,32
msg=
tooltip=book

[event]
# Book
type=run_once
location=15,8,1,1
hotspot=-16,-16,32,32
msg=
tooltip=book

[event]
# Book
type=run_once
location=5,11,1,1
hotspot=-16,-16,32,32
msg=
tooltip=book

[event]
# Book
type=run_once
location=6,11,1,1
hotspot=-16,-16,32,32
msg=
tooltip=book

[event]
# Book
type=run_once
location=7,11,1,1
hotspot=-16,-16,32,32
msg=
tooltip=book

[event]
# Book
type=run_once
location=8,11,1,1
hotspot=-16,-16,32,32
msg=
tooltip=book

[event]
# Book
type=run_once
location=9,11,1,1
hotspot=-16,-16,32,32
msg=
tooltip=book

[event]
# Book
type=run_once
location=10,11,1,1
hotspot=-16,-16,32,32
msg=
tooltip=book

[event]
# Book
type=run_once
location=11,11,1,1
hotspot=-16,-16,32,32
msg=
tooltip=book

[event]
# Book
type=run_once
location=12,11,1,1
hotspot=-16,-16,32,32
msg=
tooltip=book

[event]
# Book
type=run_once
location=15,11,1,1
hotspot=-16,-16,32,32
msg=
tooltip=book

[event]
# Book
type=run_once
location=16,11,1,1
hotspot=-16,-16,32,32
msg=
tooltip=book

[event]
# Book
type=run_once
location=18,11,1,1
hotspot=-16,-16,32,32
msg=
tooltip=book

[event]
# Book
type=run_once
location=19,11,1,1
hotspot=-16,-16,32,32
msg=
tooltip=book

[event]
# Book
type=run_once
location=20,11,1,1
hotspot=-16,-16,32,32
msg=
tooltip=book

[event]
# Book
type=run_once
location=21,11,1,1
hotspot=-16,-16,32,32
msg=
tooltip=book

[event]
# Book
type=run_once
location=22,11,1,1
hotspot=-16,-16,32,32
msg=
tooltip=book

[event]
# Book
type=run_once
location=23,11,1,1
hotspot=-16,-16,32,32
msg=
tooltip=book

