[header]
width=20
height=20
music=calmtown.ogg
tileset=interior.txt
title=Small House

[layer]
type=background
data=
541,541,541,541,541,541,541,541,541,541,541,541,541,541,541,541,541,541,541,541,
541,541,541,541,541,541,541,541,541,541,541,541,541,541,541,541,541,541,541,541,
541,541,541,541,541,541,541,541,541,541,541,541,541,541,541,541,541,541,541,541,
541,541,541,541,541,541,541,541,541,541,541,541,541,541,541,541,541,541,541,541,
541,541,541,541,541,541,541,541,541,541,541,541,541,541,541,541,541,541,541,541,
541,541,541,541,541,541,541,541,541,541,541,541,541,541,541,541,541,541,541,541,
541,541,541,541,541,541,541,541,541,541,541,541,541,541,541,541,541,541,541,541,
541,541,541,541,541,541,541,541,541,541,541,541,541,541,541,541,541,541,541,541,
541,541,541,541,541,541,541,541,541,541,541,541,541,541,541,541,541,541,541,541,
541,541,541,541,156,156,156,156,156,156,156,156,156,156,156,156,541,541,541,541,
541,541,541,541,156,156,156,156,156,156,156,156,156,156,156,156,541,541,541,541,
541,541,541,541,507,541,541,541,541,156,156,541,541,541,541,541,541,541,541,541,
541,541,541,541,541,541,541,541,541,156,156,541,541,541,541,541,541,541,541,541,
541,541,541,541,541,541,541,541,541,156,156,541,541,541,541,541,541,541,541,541,
541,541,541,541,541,541,541,541,541,616,616,541,541,541,541,541,541,541,541,541,
541,541,541,541,541,541,541,541,542,541,541,541,541,540,541,541,541,541,541,541,
568,568,568,568,568,568,568,568,569,541,541,541,541,540,541,541,541,541,541,541,
541,541,541,541,541,541,541,541,541,541,541,541,541,540,541,541,541,541,541,541,
541,541,541,541,541,541,541,541,541,541,541,541,541,540,541,541,541,541,541,541,
541,541,541,541,541,541,541,541,541,541,541,541,541,540,541,541,541,541,541,541

[layer]
type=object
data=
0,0,0,0,0,0,0,0,0,0,0,0,0,0,0,0,0,0,0,0,
0,0,0,0,0,0,0,0,0,0,0,0,0,0,0,0,0,0,0,0,
0,0,0,0,0,0,0,0,0,0,0,0,0,0,0,0,0,0,0,0,
0,0,0,0,0,0,0,0,0,0,0,0,0,0,0,0,0,0,0,0,
0,0,0,0,0,0,0,0,0,0,0,0,0,0,0,0,0,0,0,0,
0,0,0,0,0,0,0,0,0,0,0,0,0,0,0,0,0,0,0,0,
0,0,0,0,0,0,0,0,0,0,0,0,0,0,0,0,0,0,0,0,
0,0,0,0,0,0,0,0,0,0,0,0,0,0,0,0,0,0,0,0,
0,0,0,0,0,0,0,0,0,0,0,0,0,0,0,0,0,0,0,0,
0,0,0,897,962,963,963,963,963,963,963,963,963,963,963,964,898,0,0,0,
0,0,0,896,802,803,0,0,0,0,0,0,0,0,800,801,895,0,0,0,
0,0,0,896,0,0,0,0,0,0,0,0,0,0,296,297,895,0,0,0,
0,0,0,896,0,0,0,0,0,0,0,0,0,0,323,324,895,0,0,0,
0,0,0,896,0,0,0,0,0,0,0,0,0,0,0,0,895,0,0,0,
0,0,0,878,879,880,880,879,892,0,0,878,879,880,880,879,892,0,0,0,
0,0,0,0,0,0,0,0,0,489,489,489,489,0,0,0,0,0,0,0,
0,0,0,0,0,0,0,0,0,489,489,489,489,0,0,0,0,0,0,0,
489,489,489,489,489,489,489,489,489,489,489,489,489,0,0,0,0,0,0,0,
489,489,489,489,489,489,489,489,489,489,489,489,489,0,0,0,0,0,0,0,
489,489,489,489,489,489,489,489,489,489,489,489,489,0,0,0,0,0,0,0

[layer]
type=collision
data=
0,0,0,0,0,0,0,0,0,0,0,0,0,0,0,0,0,0,0,0,
0,0,0,0,0,0,0,0,0,0,0,0,0,0,0,0,0,0,0,0,
0,0,0,0,0,0,0,0,0,0,0,0,0,0,0,0,0,0,0,0,
0,0,0,0,0,0,0,0,0,0,0,0,0,0,0,0,0,0,0,0,
0,0,0,0,0,0,0,0,0,0,0,0,0,0,0,0,0,0,0,0,
0,0,0,0,0,0,0,0,0,0,0,0,0,0,0,0,0,0,0,0,
0,0,0,0,0,0,0,0,0,0,0,0,0,0,0,0,0,0,0,0,
0,0,0,0,0,0,0,0,0,0,0,0,0,0,0,0,0,0,0,0,
0,0,0,0,0,0,0,0,0,0,0,0,0,0,0,0,0,0,0,0,
0,0,0,1,1,1,1,1,1,1,1,1,1,1,1,1,1,0,0,0,
0,0,0,1,3,3,0,0,0,0,0,0,0,0,3,3,1,0,0,0,
0,0,0,1,0,0,0,0,0,0,0,0,0,0,3,3,1,0,0,0,
0,0,0,1,0,0,0,0,0,0,0,0,0,0,0,0,1,0,0,0,
0,0,0,1,0,0,0,0,0,0,0,0,0,0,0,0,1,0,0,0,
0,0,0,1,1,1,1,1,1,0,0,1,1,1,1,1,1,0,0,0,
0,0,0,0,0,0,0,0,0,0,0,0,0,0,0,0,0,0,0,0,
0,0,0,0,0,0,0,0,0,0,0,0,0,0,0,0,0,0,0,0,
0,0,0,0,0,0,0,0,0,0,0,0,0,0,0,0,0,0,0,0,
0,0,0,0,0,0,0,0,0,0,0,0,0,0,0,0,0,0,0,0,
0,0,0,0,0,0,0,0,0,0,0,0,0,0,0,0,0,0,0,0

[event]
# Teleport to Laurelia
type=teleport
location=9,14,2,1
intermap=laurelia.txt,107,52

