[header]
width=20
height=20
music=calmtown.ogg
tileset=interior.txt
title=Small House

[layer]
type=background
data=
541,541,541,541,541,541,541,541,541,541,541,541,541,541,541,541,541,541,541,541,
541,541,541,541,541,541,541,541,541,541,541,541,541,541,541,541,541,541,541,541,
541,541,541,541,541,541,541,541,541,541,541,541,541,541,541,541,541,541,541,541,
541,541,541,541,541,541,541,541,541,541,541,541,541,541,541,541,541,541,541,541,
541,541,541,541,541,541,541,541,541,541,541,541,541,541,541,541,541,541,541,541,
541,541,541,541,541,541,541,541,541,541,541,541,541,541,541,541,541,541,541,541,
541,541,541,541,541,541,541,541,541,541,541,541,541,541,541,541,541,541,541,541,
541,541,541,541,541,541,541,541,541,541,541,541,541,541,541,541,541,541,541,541,
541,541,541,541,541,541,541,541,541,541,541,541,541,541,541,541,541,541,541,541,
541,541,541,541,481,482,482,482,482,482,482,482,482,482,482,483,541,541,541,541,
541,541,541,541,508,509,509,509,509,509,509,509,509,509,509,510,541,541,541,541,
541,541,541,541,507,541,541,541,541,509,509,541,541,541,541,541,541,541,541,541,
541,541,541,541,541,541,541,541,541,509,509,541,541,541,541,541,541,541,541,541,
541,541,541,541,541,541,541,541,541,536,536,541,541,541,541,541,541,541,541,541,
541,541,541,541,541,541,541,541,541,616,616,541,541,541,541,541,541,541,541,541,
541,541,541,541,541,541,541,541,542,489,489,540,541,541,541,541,541,541,541,541,
541,541,541,541,541,541,541,541,542,489,489,540,541,541,541,541,541,541,541,541,
541,541,541,541,541,541,541,541,542,489,489,540,541,541,541,541,541,541,541,541,
568,568,568,568,568,568,568,568,569,489,489,567,568,568,568,568,568,568,568,568,
489,489,489,489,489,489,489,489,489,489,489,489,489,489,489,489,489,489,489,489

[layer]
type=object
data=
0,0,0,0,0,0,0,0,0,0,0,0,0,0,0,0,0,0,0,0,
0,0,0,0,0,0,0,0,0,0,0,0,0,0,0,0,0,0,0,0,
0,0,0,0,0,0,0,0,0,0,0,0,0,0,0,0,0,0,0,0,
0,0,0,0,0,0,0,0,0,0,0,0,0,0,0,0,0,0,0,0,
0,0,0,0,0,0,0,0,0,0,0,0,0,0,0,0,0,0,0,0,
0,0,0,0,0,0,0,0,0,0,0,0,0,0,0,0,0,0,0,0,
0,0,0,0,0,0,0,0,0,0,0,0,0,0,0,0,0,0,0,0,
0,0,0,0,0,0,0,0,0,0,0,0,0,0,0,0,0,0,0,0,
0,0,0,0,0,0,0,0,0,0,0,0,0,0,0,0,0,0,0,0,
0,0,0,918,907,908,908,908,908,908,908,908,908,908,908,909,919,0,0,0,
0,0,0,917,802,803,194,0,0,778,0,0,0,0,800,801,916,0,0,0,
0,0,0,917,0,0,0,0,0,0,0,0,0,0,296,297,916,0,0,0,
0,0,0,917,0,0,0,0,0,0,0,0,0,0,323,324,916,0,0,0,
0,0,0,917,0,0,0,0,0,0,0,0,0,0,0,0,916,0,0,0,
0,0,0,899,900,901,901,900,902,0,0,904,900,901,901,900,913,0,0,0,
0,0,0,0,0,0,0,0,0,0,0,0,0,0,0,0,0,0,0,0,
0,0,0,0,0,0,0,0,0,0,0,0,0,0,0,0,0,0,0,0,
0,0,0,0,0,0,0,0,0,0,0,0,0,0,0,0,0,0,0,0,
0,0,0,0,0,0,0,0,0,0,0,0,0,0,0,0,0,0,0,0,
0,0,0,0,0,0,0,0,0,0,0,0,0,0,0,0,0,0,0,0

[layer]
type=collision
data=
0,0,0,0,0,0,0,0,0,0,0,0,0,0,0,0,0,0,0,0,
0,0,0,0,0,0,0,0,0,0,0,0,0,0,0,0,0,0,0,0,
0,0,0,0,0,0,0,0,0,0,0,0,0,0,0,0,0,0,0,0,
0,0,0,0,0,0,0,0,0,0,0,0,0,0,0,0,0,0,0,0,
0,0,0,0,0,0,0,0,0,0,0,0,0,0,0,0,0,0,0,0,
0,0,0,0,0,0,0,0,0,0,0,0,0,0,0,0,0,0,0,0,
0,0,0,0,0,0,0,0,0,0,0,0,0,0,0,0,0,0,0,0,
0,0,0,0,0,0,0,0,0,0,0,0,0,0,0,0,0,0,0,0,
0,0,0,0,0,0,0,0,0,0,0,0,0,0,0,0,0,0,0,0,
0,0,0,1,1,1,1,1,1,1,1,1,1,1,1,1,1,0,0,0,
0,0,0,1,3,3,3,0,0,3,0,0,0,0,3,3,1,0,0,0,
0,0,0,1,0,0,0,0,0,0,0,0,0,0,3,3,1,0,0,0,
0,0,0,1,0,0,0,0,0,0,0,0,0,0,0,0,1,0,0,0,
0,0,0,1,0,0,0,0,0,0,0,0,0,0,0,0,1,0,0,0,
0,0,0,1,1,1,1,1,1,0,0,1,1,1,1,1,1,0,0,0,
0,0,0,0,0,0,0,0,0,0,0,0,0,0,0,0,0,0,0,0,
0,0,0,0,0,0,0,0,0,0,0,0,0,0,0,0,0,0,0,0,
0,0,0,0,0,0,0,0,0,0,0,0,0,0,0,0,0,0,0,0,
0,0,0,0,0,0,0,0,0,0,0,0,0,0,0,0,0,0,0,0,
0,0,0,0,0,0,0,0,0,0,0,0,0,0,0,0,0,0,0,0

[event]
# Teleport to Laurelia
type=teleport
location=9,14,2,1
intermap=laurelia.txt,53,76

