[header]
width=30
height=17
music=calmtown.ogg
tileset=interior.txt
title=Smithy

[layer]
type=background
data=
488,541,541,541,541,541,541,541,541,541,541,541,541,487,514,514,514,514,514,514,514,514,514,514,514,514,488,541,541,541,
541,541,541,541,541,541,541,541,541,541,541,541,541,541,541,541,541,541,541,541,541,541,541,541,541,541,541,541,541,541,
541,541,541,541,541,541,541,541,541,541,541,541,541,541,541,541,541,541,541,541,541,541,541,541,541,541,541,541,541,541,
541,541,541,541,541,541,541,541,541,541,541,541,541,541,541,541,541,541,541,541,541,541,541,541,541,541,541,541,541,541,
541,541,541,541,284,284,284,284,284,284,284,284,284,284,284,284,284,284,284,284,284,284,284,284,284,284,541,541,541,541,
541,541,541,541,284,284,284,284,284,339,338,338,338,338,338,338,338,338,338,338,284,284,284,284,344,284,541,541,541,541,
541,541,541,541,284,284,284,338,338,338,338,338,284,338,338,339,338,338,338,338,284,284,284,284,344,284,541,541,541,541,
541,541,541,541,284,339,284,284,284,338,284,284,338,338,284,338,338,284,284,284,0,0,0,0,0,284,541,541,541,541,
541,541,541,541,284,338,284,284,284,284,284,284,338,338,284,338,338,284,284,284,284,284,284,284,284,284,541,541,541,541,
541,541,541,541,284,338,338,284,284,284,284,338,339,338,284,338,338,284,284,541,541,541,541,541,541,541,541,568,568,568,
541,541,541,541,284,344,338,284,338,339,338,338,338,338,284,284,284,284,284,489,489,489,489,489,489,489,489,489,489,489,
541,541,541,541,284,344,284,338,338,338,338,338,338,338,339,344,399,284,541,489,489,489,489,489,489,489,489,489,489,489,
541,541,541,541,284,344,344,344,344,344,344,284,284,344,344,344,344,284,541,489,489,489,489,489,489,489,489,489,489,489,
541,541,541,541,284,284,284,284,284,284,284,284,284,284,284,284,284,284,541,489,489,489,489,489,489,489,489,489,489,489,
541,541,541,541,541,541,541,541,541,541,541,284,284,541,541,541,541,541,541,489,489,489,489,489,489,489,489,489,489,489,
541,541,541,541,541,541,541,541,541,541,542,489,489,540,541,541,542,489,489,489,489,489,489,489,489,489,489,489,489,489,
541,541,541,541,541,541,541,541,541,541,542,489,489,540,541,541,542,489,489,489,489,489,489,489,489,489,489,489,489,489

[layer]
type=object
data=
0,0,0,0,0,0,0,0,0,0,0,0,0,0,0,0,0,0,0,0,0,0,0,0,0,0,0,0,0,0,
0,0,0,0,0,0,0,0,0,0,0,0,0,0,0,0,0,0,0,0,0,0,0,0,0,0,0,0,0,0,
0,0,0,0,0,0,0,0,0,0,0,0,0,0,0,0,0,0,0,0,0,0,0,0,0,0,0,0,0,0,
0,0,0,0,0,0,0,0,0,0,0,0,0,0,0,0,0,0,0,0,0,0,0,0,0,0,0,0,0,0,
0,0,0,897,962,963,963,963,963,963,963,963,963,963,963,963,963,963,963,963,963,963,963,963,963,964,898,0,0,0,
0,0,0,896,347,347,347,0,266,0,0,0,0,0,0,238,246,0,0,0,0,0,778,0,798,799,895,0,0,0,
0,0,0,896,0,0,0,236,237,0,0,0,0,0,0,0,0,0,0,0,0,0,0,0,0,0,895,0,0,0,
0,0,0,896,0,0,0,0,0,0,0,0,236,0,0,0,0,0,0,0,0,0,0,0,0,0,895,0,0,0,
0,0,0,896,720,0,238,0,0,0,0,950,951,0,0,0,237,0,0,0,0,0,0,0,0,0,895,0,0,0,
0,0,0,896,720,720,0,0,236,237,0,0,0,0,0,0,0,0,894,879,879,879,880,880,879,879,892,0,0,0,
0,0,0,896,720,720,0,238,0,0,0,0,0,0,0,0,0,0,895,0,0,0,0,0,0,0,0,0,0,0,
0,0,0,896,720,720,0,0,0,0,0,0,0,0,0,0,0,0,895,0,0,0,0,0,0,0,0,0,0,0,
0,0,0,896,0,0,0,0,0,0,0,0,0,0,0,0,0,0,895,0,0,0,0,0,0,0,0,0,0,0,
0,0,0,896,0,0,0,0,0,0,0,0,0,0,0,0,0,0,895,0,0,0,0,0,0,0,0,0,0,0,
0,0,0,878,879,880,880,879,879,879,879,0,0,879,879,880,880,879,892,0,0,0,0,0,0,0,0,0,0,0,
0,0,0,0,0,0,0,0,0,0,0,0,0,0,0,0,0,0,0,0,0,0,0,0,0,0,0,0,0,0,
0,0,0,0,0,0,0,0,0,0,0,0,0,0,0,0,0,0,0,0,0,0,0,0,0,0,0,0,0,0

[layer]
type=collision
data=
0,0,0,0,0,0,0,0,0,0,0,0,0,0,0,0,0,0,0,0,0,0,0,0,0,0,0,0,0,0,
0,0,0,0,0,0,0,0,0,0,0,0,0,0,0,0,0,0,0,0,0,0,0,0,0,0,0,0,0,0,
0,0,0,0,0,0,0,0,0,0,0,0,0,0,0,0,0,0,0,0,0,0,0,0,0,0,0,0,0,0,
0,0,0,0,0,0,0,0,0,0,0,0,0,0,0,0,0,0,0,0,0,0,0,0,0,0,0,0,0,0,
0,0,0,1,1,1,1,1,1,1,1,1,1,1,1,1,1,1,1,1,1,1,1,1,1,1,1,0,0,0,
0,0,0,1,3,3,3,0,0,0,0,0,0,0,0,0,3,0,0,0,0,0,3,0,3,3,1,0,0,0,
0,0,0,1,0,0,0,0,0,0,0,0,0,0,0,0,0,0,0,0,0,0,0,0,3,3,1,0,0,0,
0,0,0,1,0,0,0,0,0,0,0,0,0,0,0,0,0,0,0,0,0,0,0,0,0,0,1,0,0,0,
0,0,0,1,3,0,0,0,0,0,0,1,1,0,0,0,0,0,0,0,0,0,0,0,0,0,1,0,0,0,
0,0,0,1,3,3,0,0,0,0,0,0,0,0,0,0,0,0,1,1,1,1,1,1,1,1,1,0,0,0,
0,0,0,1,3,3,0,0,0,0,0,0,0,0,0,0,0,0,1,0,0,0,0,0,0,0,0,0,0,0,
0,0,0,1,3,3,0,0,0,0,0,0,0,0,0,0,0,0,1,0,0,0,0,0,0,0,0,0,0,0,
0,0,0,1,0,0,0,0,0,0,0,0,0,0,0,0,0,0,1,0,0,0,0,0,0,0,0,0,0,0,
0,0,0,1,0,0,0,0,0,0,0,0,0,0,0,0,0,0,1,0,0,0,0,0,0,0,0,0,0,0,
0,0,0,1,1,1,1,1,1,1,1,0,0,1,1,1,1,1,1,0,0,0,0,0,0,0,0,0,0,0,
0,0,0,0,0,0,0,0,0,0,3,0,0,3,0,0,0,0,0,0,0,0,0,0,0,0,0,0,0,0,
0,0,0,0,0,0,0,0,0,0,0,0,0,0,0,0,0,0,0,0,0,0,0,0,0,0,0,0,0,0

[event]
# Teleport to Laurelia
type=teleport
location=11,15,2,1
intermap=laurelia.txt,52,90

[npc]
# Apprentice
type=apprentice
location=5,7,1,1

