[header]
width=32
height=32
tileset=outside.txt
title=Mountain Mine
music=snow_about_a_castle.ogg

[layer]
type=background
data=
158,158,158,158,158,158,158,158,158,158,158,158,158,158,158,158,158,158,158,158,158,158,158,158,158,158,158,158,158,158,158,158,
158,158,158,158,158,158,158,158,158,158,158,158,158,158,158,158,158,158,158,158,158,158,158,158,158,158,158,158,158,158,158,158,
158,158,158,158,158,158,158,158,158,158,158,158,158,158,158,158,158,158,158,158,158,158,158,158,158,158,158,158,158,158,158,158,
158,158,158,158,158,158,158,158,158,158,158,158,158,158,158,158,158,158,158,158,158,158,158,158,158,158,158,158,158,158,158,158,
158,158,158,158,158,158,158,158,158,158,158,158,158,158,158,158,158,158,158,158,158,158,158,158,158,158,158,158,158,158,158,158,
158,158,158,158,158,158,158,158,158,158,158,158,158,158,158,158,158,158,158,158,158,158,158,158,158,158,158,158,158,158,158,158,
158,158,158,158,158,158,158,158,158,158,158,158,158,158,158,158,158,158,158,158,158,158,158,158,158,158,158,158,158,158,158,158,
158,158,158,158,158,158,158,158,158,158,158,158,158,158,158,158,158,158,158,158,158,158,158,158,158,158,158,158,158,158,158,158,
158,158,158,158,158,158,158,158,158,158,158,158,158,158,158,158,158,158,158,158,158,158,158,158,158,158,158,158,158,158,158,158,
158,158,158,158,158,158,158,158,158,158,158,158,158,158,158,158,158,158,158,158,158,158,158,158,158,158,158,158,158,158,158,158,
158,158,158,158,158,158,158,158,158,158,158,158,158,158,158,158,158,158,158,158,158,158,158,158,158,158,158,158,158,158,158,158,
158,158,158,158,158,158,158,158,158,158,158,158,158,158,158,158,158,158,158,158,158,158,158,158,158,158,158,158,158,158,158,158,
158,158,158,158,158,158,158,158,158,158,158,158,158,158,158,158,158,158,158,158,158,158,158,158,158,158,158,158,158,158,158,158,
158,158,158,158,158,158,158,158,158,158,158,158,158,158,158,158,158,158,158,158,158,158,158,158,158,158,158,158,158,158,158,158,
158,158,158,158,158,158,158,158,158,158,158,158,158,158,158,158,158,158,158,158,158,158,158,158,158,158,158,158,158,158,158,158,
158,158,158,158,158,158,158,158,158,158,158,46,46,46,46,46,46,46,46,46,46,46,46,46,46,158,158,158,158,158,158,158,
158,158,158,158,158,158,158,158,158,158,158,46,46,46,46,46,46,46,46,46,46,46,46,46,46,158,158,158,158,158,158,158,
158,158,158,158,158,158,158,158,158,158,158,46,46,46,46,46,46,46,46,46,46,46,46,46,46,158,158,158,158,158,158,158,
158,158,158,158,158,158,158,158,158,158,158,46,46,46,46,46,46,46,46,46,46,46,46,46,46,158,158,158,158,158,158,158,
158,158,158,158,158,158,158,158,158,158,158,46,46,46,46,46,46,46,46,46,46,46,46,46,46,158,158,158,158,158,158,158,
158,158,158,158,158,158,158,158,158,158,158,46,46,46,46,46,46,46,46,46,46,46,46,46,46,158,158,158,158,158,158,158,
158,158,158,158,158,158,158,158,158,158,158,46,46,46,46,46,46,46,46,46,46,46,46,46,46,158,158,158,158,158,158,158,
158,158,158,158,158,158,158,158,158,158,46,46,46,46,46,46,46,46,46,46,46,46,46,46,46,158,158,158,158,158,158,158,
158,158,158,158,158,158,158,158,158,158,46,46,46,46,46,46,46,46,46,46,158,158,158,158,158,158,158,158,158,158,158,158,
158,158,158,158,158,158,158,158,158,158,46,46,46,46,46,46,46,46,46,46,158,158,158,158,158,158,158,158,158,158,158,158,
158,158,158,158,158,158,158,158,158,158,46,46,46,46,46,46,46,46,46,46,158,158,158,158,158,158,158,158,158,158,158,158,
158,158,158,158,158,158,158,158,158,158,46,46,46,46,46,46,46,46,46,46,158,158,158,158,158,158,158,158,158,158,158,158,
158,158,158,158,158,158,158,158,158,158,46,46,46,46,46,46,46,46,46,46,158,158,158,158,158,158,158,158,158,158,158,158,
158,158,158,158,158,158,158,158,158,158,158,158,158,46,46,46,158,158,158,158,158,158,158,158,158,158,158,158,158,158,158,158,
158,158,158,158,158,158,158,158,158,158,158,158,158,46,46,46,158,158,158,158,158,158,158,158,158,158,158,158,158,158,158,158,
158,158,158,158,158,158,158,158,158,158,158,158,158,46,46,46,158,158,158,158,158,158,158,158,158,158,158,158,158,158,158,158,
158,158,158,158,158,158,158,158,158,158,158,158,46,46,46,46,46,158,158,158,158,158,158,158,158,158,158,158,158,158,158,158

[layer]
type=object
data=
0,0,0,0,0,0,0,0,0,0,0,0,0,0,0,0,0,0,0,0,0,0,0,0,0,0,0,0,0,0,0,0,
0,0,0,0,0,0,0,0,0,0,0,0,0,0,0,0,0,0,0,0,0,0,0,0,0,0,0,0,0,0,0,0,
0,0,0,0,0,0,0,0,0,0,0,0,0,0,0,0,0,0,0,0,0,0,0,0,0,0,0,0,0,0,0,0,
0,0,0,0,0,0,0,0,0,0,0,0,0,0,0,0,0,0,0,0,0,0,0,0,0,0,0,0,0,0,0,0,
0,0,0,0,0,0,0,0,0,0,0,0,0,0,0,0,0,0,0,0,0,0,0,0,0,0,0,0,0,0,0,0,
0,0,0,0,0,0,0,0,0,0,0,0,0,0,0,0,0,0,0,0,0,0,0,0,0,0,0,0,0,0,0,0,
0,0,0,0,0,0,0,0,0,0,0,0,0,0,0,0,0,0,0,0,0,0,0,0,0,0,0,0,0,0,0,0,
0,0,0,0,0,0,0,0,0,0,0,0,0,0,0,0,0,0,0,0,0,0,0,0,0,0,0,0,0,0,0,0,
0,0,0,0,0,0,0,0,0,0,0,0,0,0,0,0,0,0,0,0,0,0,0,0,0,0,0,0,0,0,0,0,
0,0,0,0,0,0,0,0,0,0,0,0,0,0,0,0,0,0,0,0,0,0,0,0,0,0,0,0,0,0,0,0,
0,0,0,0,0,0,0,0,0,0,0,0,0,0,0,0,0,0,0,0,0,0,0,0,0,0,0,0,0,0,0,0,
0,0,0,0,0,0,0,0,0,0,0,0,0,0,0,0,0,0,0,0,0,0,0,0,0,0,0,0,0,0,0,0,
0,0,0,0,0,0,0,0,0,0,0,0,0,0,0,0,0,0,0,0,0,0,0,0,0,0,0,0,0,0,0,0,
0,0,0,0,0,0,0,0,0,0,0,0,0,0,0,0,0,0,0,0,0,0,0,0,0,0,0,0,0,0,0,0,
0,0,0,0,0,0,0,0,0,0,0,0,0,0,0,0,0,0,0,0,0,0,0,0,0,0,0,0,0,0,0,0,
0,0,0,0,0,0,0,0,0,0,0,892,879,879,879,879,879,879,879,879,879,879,879,879,891,0,0,0,0,0,0,0,
0,0,0,0,0,0,0,0,0,0,0,885,0,0,0,0,0,0,0,0,0,0,0,179,883,0,0,0,0,0,0,0,
0,0,0,0,0,0,0,0,0,0,0,885,0,0,0,0,0,0,0,0,0,0,0,0,883,0,0,0,0,0,0,0,
0,0,0,0,0,0,0,0,0,0,0,885,0,0,0,0,0,0,0,0,0,0,0,0,883,0,0,0,0,0,0,0,
0,0,0,0,0,0,0,0,0,0,0,885,0,0,0,0,0,0,0,0,0,0,0,0,883,0,0,0,0,0,0,0,
0,0,0,0,0,0,0,0,0,0,0,885,0,0,0,0,0,0,0,0,0,0,0,0,883,0,0,0,0,0,0,0,
0,0,0,0,0,0,0,0,0,0,0,885,0,0,0,0,0,0,0,0,0,0,0,0,883,0,0,0,0,0,0,0,
0,0,0,0,0,0,0,0,0,0,892,880,0,0,0,0,0,0,0,886,887,887,887,887,889,0,0,0,0,0,0,0,
0,0,0,0,0,0,0,0,0,0,885,0,0,0,0,0,0,0,0,883,0,0,0,0,0,0,0,0,0,0,0,0,
0,0,0,0,0,0,0,0,0,0,885,0,0,0,0,0,0,0,0,883,0,0,0,0,0,0,0,0,0,0,0,0,
0,0,0,0,0,0,0,0,0,0,885,0,0,0,0,0,0,0,0,883,0,0,0,0,0,0,0,0,0,0,0,0,
0,0,0,0,0,0,0,0,0,0,885,0,0,0,0,0,0,0,0,883,0,0,0,0,0,0,0,0,0,0,0,0,
0,0,0,0,0,0,0,0,0,0,890,887,887,888,0,886,887,887,887,889,0,0,0,0,0,0,0,0,0,0,0,0,
0,0,0,0,0,0,0,0,0,0,0,0,0,885,0,883,0,0,0,0,0,0,0,0,0,0,0,0,0,0,0,0,
0,0,0,0,0,0,0,0,0,0,0,0,0,885,0,883,0,0,0,0,0,0,0,0,0,0,0,0,0,0,0,0,
0,0,0,0,0,0,0,0,0,0,0,0,0,885,0,883,0,0,0,0,0,0,0,0,0,0,0,0,0,0,0,0,
0,0,0,0,0,0,0,0,0,0,0,0,882,880,0,878,881,0,0,0,0,0,0,0,0,0,0,0,0,0,0,0

[layer]
type=collision
data=
0,0,0,0,0,0,0,0,0,0,0,0,0,0,0,0,0,0,0,0,0,0,0,0,0,0,0,0,0,0,0,0,
0,0,0,0,0,0,0,0,0,0,0,0,0,0,0,0,0,0,0,0,0,0,0,0,0,0,0,0,0,0,0,0,
0,0,0,0,0,0,0,0,0,0,0,0,0,0,0,0,0,0,0,0,0,0,0,0,0,0,0,0,0,0,0,0,
0,0,0,0,0,0,0,0,0,0,0,0,0,0,0,0,0,0,0,0,0,0,0,0,0,0,0,0,0,0,0,0,
0,0,0,0,0,0,0,0,0,0,0,0,0,0,0,0,0,0,0,0,0,0,0,0,0,0,0,0,0,0,0,0,
0,0,0,0,0,0,0,0,0,0,0,0,0,0,0,0,0,0,0,0,0,0,0,0,0,0,0,0,0,0,0,0,
0,0,0,0,0,0,0,0,0,0,0,0,0,0,0,0,0,0,0,0,0,0,0,0,0,0,0,0,0,0,0,0,
0,0,0,0,0,0,0,0,0,0,0,0,0,0,0,0,0,0,0,0,0,0,0,0,0,0,0,0,0,0,0,0,
0,0,0,0,0,0,0,0,0,0,0,0,0,0,0,0,0,0,0,0,0,0,0,0,0,0,0,0,0,0,0,0,
0,0,0,0,0,0,0,0,0,0,0,0,0,0,0,0,0,0,0,0,0,0,0,0,0,0,0,0,0,0,0,0,
0,0,0,0,0,0,0,0,0,0,0,0,0,0,0,0,0,0,0,0,0,0,0,0,0,0,0,0,0,0,0,0,
0,0,0,0,0,0,0,0,0,0,0,0,0,0,0,0,0,0,0,0,0,0,0,0,0,0,0,0,0,0,0,0,
0,0,0,0,0,0,0,0,0,0,0,0,0,0,0,0,0,0,0,0,0,0,0,0,0,0,0,0,0,0,0,0,
0,0,0,0,0,0,0,0,0,0,0,0,0,0,0,0,0,0,0,0,0,0,0,0,0,0,0,0,0,0,0,0,
0,0,0,0,0,0,0,0,0,0,0,0,0,0,0,0,0,0,0,0,0,0,0,0,0,0,0,0,0,0,0,0,
0,0,0,0,0,0,0,0,0,0,0,1,1,1,1,1,1,1,1,1,1,1,1,1,1,0,0,0,0,0,0,0,
0,0,0,0,0,0,0,0,0,0,0,1,0,0,0,0,0,0,0,0,0,0,0,3,1,0,0,0,0,0,0,0,
0,0,0,0,0,0,0,0,0,0,0,1,0,0,0,0,0,0,0,0,0,0,0,0,1,0,0,0,0,0,0,0,
0,0,0,0,0,0,0,0,0,0,0,1,0,0,0,0,0,0,0,0,0,0,0,0,1,0,0,0,0,0,0,0,
0,0,0,0,0,0,0,0,0,0,0,1,0,0,0,0,0,0,0,0,0,0,0,0,1,0,0,0,0,0,0,0,
0,0,0,0,0,0,0,0,0,0,0,1,0,0,0,0,0,0,0,0,0,0,0,0,1,0,0,0,0,0,0,0,
0,0,0,0,0,0,0,0,0,0,0,1,0,0,0,0,0,0,0,0,0,0,0,0,1,0,0,0,0,0,0,0,
0,0,0,0,0,0,0,0,0,0,1,1,0,0,0,0,0,0,0,1,1,1,1,1,1,0,0,0,0,0,0,0,
0,0,0,0,0,0,0,0,0,0,1,0,0,0,0,0,0,0,0,1,0,0,0,0,0,0,0,0,0,0,0,0,
0,0,0,0,0,0,0,0,0,0,1,0,0,0,0,0,0,0,0,1,0,0,0,0,0,0,0,0,0,0,0,0,
0,0,0,0,0,0,0,0,0,0,1,0,0,0,0,0,0,0,0,1,0,0,0,0,0,0,0,0,0,0,0,0,
0,0,0,0,0,0,0,0,0,0,1,0,0,0,0,0,0,0,0,1,0,0,0,0,0,0,0,0,0,0,0,0,
0,0,0,0,0,0,0,0,0,0,1,1,1,1,0,1,1,1,1,1,0,0,0,0,0,0,0,0,0,0,0,0,
0,0,0,0,0,0,0,0,0,0,0,0,0,1,0,1,0,0,0,0,0,0,0,0,0,0,0,0,0,0,0,0,
0,0,0,0,0,0,0,0,0,0,0,0,0,1,0,1,0,0,0,0,0,0,0,0,0,0,0,0,0,0,0,0,
0,0,0,0,0,0,0,0,0,0,0,0,0,1,0,1,0,0,0,0,0,0,0,0,0,0,0,0,0,0,0,0,
0,0,0,0,0,0,0,0,0,0,0,0,1,1,0,1,1,0,0,0,0,0,0,0,0,0,0,0,0,0,0,0

[enemygroup]
# 2 Ranged Cultists
type=ranged
location=12,16,8,3
level=2,2
number=2,2

[enemygroup]
# 2 Cultist Knights
type=knight
location=12,19,6,4
level=2,2
number=2,2

[event]
# Chest
type=run_once
location=23,16,1,1
hotspot=-16,-16,32,32
mapmod=object,23,16,206
msg=Empty...
tooltip=Chest

[event]
# Teleport to Snow4
type=teleport
location=14,31,1,1
intermap=snow4.txt,14,1

