[header]
width=32
height=32
tileset=outside.txt
title=Snow Mountain

[layer]
type=background
data=
281,281,281,281,281,281,281,281,281,281,281,281,281,281,281,281,281,281,281,281,281,281,281,281,281,281,281,281,281,281,281,281,
281,281,281,281,281,281,281,281,281,281,281,281,281,281,281,281,281,281,281,281,281,281,281,281,281,281,281,281,281,281,281,281,
281,281,281,281,281,281,281,281,281,281,281,281,281,281,281,281,281,281,281,281,281,281,281,281,281,281,281,281,281,281,281,281,
281,281,281,281,281,281,281,281,281,281,281,281,281,281,281,281,281,281,281,281,281,281,281,281,281,281,281,281,281,281,281,281,
281,281,281,281,281,281,281,281,281,281,281,281,281,281,281,281,281,281,281,281,281,281,281,281,281,281,281,281,281,281,281,281,
281,907,908,908,908,908,908,908,908,908,281,281,281,281,281,281,281,281,281,281,281,281,281,281,281,281,281,281,281,281,281,281,
281,905,905,905,905,905,905,905,905,905,911,281,281,281,281,281,281,281,281,281,281,281,281,281,281,281,281,281,281,281,281,281,
281,905,905,905,905,905,905,905,905,905,905,911,281,281,281,281,281,281,281,281,281,281,281,281,281,281,281,281,281,281,281,281,
281,905,905,905,905,905,905,905,905,905,905,905,911,281,281,281,281,281,281,281,281,281,281,281,281,281,281,281,281,281,281,281,
281,905,905,905,905,905,905,905,905,905,905,905,905,281,281,281,281,281,281,281,281,281,281,281,281,281,281,281,281,281,281,281,
281,281,905,905,905,905,905,905,905,905,905,905,905,911,281,281,281,281,281,281,281,281,281,281,281,281,281,281,281,281,281,281,
281,281,905,905,905,905,905,905,905,905,905,905,905,905,281,281,281,281,281,281,281,281,281,281,281,281,281,281,281,281,281,281,
281,281,905,905,905,905,905,905,905,905,905,905,905,905,281,281,281,281,281,281,281,281,281,281,281,281,281,281,281,281,281,281,
281,281,281,905,905,905,905,905,905,905,905,905,905,905,281,281,281,281,281,281,281,281,281,281,281,281,281,281,281,281,281,281,
281,281,281,281,905,905,905,905,905,905,905,905,905,905,281,281,281,281,281,281,281,281,281,281,281,281,281,281,281,281,281,281,
281,281,281,281,281,281,281,905,905,905,905,905,905,281,281,281,281,281,281,281,281,281,281,281,281,281,281,281,281,281,281,281,
281,281,281,281,281,281,281,281,281,905,905,281,281,281,281,281,281,281,281,281,281,281,281,281,281,281,281,281,281,281,281,281,
281,281,281,281,281,281,281,281,281,905,905,281,281,281,281,281,281,281,281,281,281,281,281,281,281,281,281,281,281,281,281,281,
281,281,281,281,281,281,281,281,281,905,905,281,281,907,908,908,908,908,908,908,908,908,908,908,908,908,908,908,908,908,281,281,
281,281,281,281,281,281,907,908,910,905,905,911,908,910,905,905,905,905,905,905,905,905,905,905,905,905,905,905,905,905,281,281,
281,281,281,281,281,281,910,905,905,905,905,905,905,905,905,905,905,905,905,905,905,905,905,905,905,905,905,905,905,905,281,281,
281,281,281,281,281,281,905,905,905,905,905,905,905,905,905,905,905,905,905,905,905,905,905,905,905,905,905,905,905,905,281,281,
281,281,281,281,281,281,905,905,905,905,905,905,905,905,905,905,905,905,905,905,905,905,905,905,905,905,905,905,905,905,281,281,
281,281,281,281,281,281,905,905,905,905,905,905,905,905,905,905,905,905,905,905,905,905,905,905,905,905,905,905,905,905,281,281,
281,281,281,281,281,281,281,281,905,905,905,905,905,905,905,905,905,905,905,905,905,905,905,905,905,905,281,281,281,281,281,281,
281,281,281,281,281,281,281,281,281,281,281,281,281,281,281,281,281,281,281,281,281,281,281,281,281,281,281,281,281,281,281,281,
281,281,281,281,281,281,281,281,281,281,281,281,281,281,281,281,281,281,281,281,281,281,281,281,281,281,281,281,281,281,281,281,
281,281,281,281,281,281,281,281,281,281,281,281,281,281,281,281,281,281,281,281,281,281,281,281,281,281,281,281,281,281,281,281,
281,281,281,281,281,281,281,281,281,281,281,281,281,281,281,281,281,281,281,281,281,281,281,281,281,281,281,281,281,281,281,281,
281,281,281,281,281,281,281,281,281,281,281,281,281,281,281,281,281,281,281,281,281,281,281,281,281,281,281,281,281,281,281,281,
281,281,281,281,281,281,281,281,281,281,281,281,281,281,281,281,281,281,281,281,281,281,281,281,281,281,281,281,281,281,281,281,
281,281,281,281,281,281,281,281,281,281,281,281,281,281,281,281,281,281,281,281,281,281,281,281,281,281,281,281,281,281,281,281

[layer]
type=object
data=
0,0,0,0,0,0,0,0,299,0,0,0,0,0,0,0,0,0,0,0,0,0,0,0,0,0,0,0,0,0,0,0,
0,0,0,0,0,0,0,0,299,0,0,0,0,0,0,0,0,0,0,0,0,0,0,0,0,0,0,0,0,0,0,0,
0,0,0,0,0,0,0,0,299,0,0,0,0,0,0,0,0,0,0,0,0,0,0,0,0,0,0,0,0,0,0,0,
365,366,0,0,0,0,0,0,299,0,0,0,0,0,0,0,0,0,0,0,0,0,0,0,0,0,0,0,0,0,0,0,
392,393,0,0,0,0,0,0,326,865,0,0,0,0,0,0,0,0,0,0,0,0,0,0,0,0,0,0,0,0,0,0,
0,420,0,0,0,0,0,0,0,0,909,0,0,0,0,0,0,0,0,0,0,0,0,0,0,0,0,0,0,0,0,0,
0,0,0,0,0,0,0,0,0,0,0,909,0,0,0,0,0,0,0,0,0,0,0,0,0,0,0,0,0,0,0,0,
904,0,0,0,0,0,0,0,0,0,0,0,909,0,0,0,0,0,0,0,0,0,0,0,0,0,0,0,0,0,0,0,
904,0,0,0,0,0,0,0,0,0,0,0,0,909,0,0,0,0,0,0,0,0,0,0,0,0,0,0,0,0,0,0,
904,0,0,0,0,0,0,0,0,0,0,0,0,906,0,0,0,0,0,0,0,0,0,0,0,0,0,0,0,0,0,0,
899,912,0,0,0,0,0,0,0,0,0,0,0,0,909,0,0,0,0,0,0,0,0,0,0,0,0,0,0,0,0,0,
0,904,0,0,0,0,0,0,0,0,0,0,0,0,906,0,0,0,0,0,0,0,0,0,0,0,0,0,0,0,0,0,
0,904,0,0,0,0,0,0,0,0,0,0,0,0,906,0,0,0,0,0,0,0,0,0,0,0,0,0,0,0,0,0,
0,899,912,0,0,0,0,0,0,0,0,0,0,0,906,0,0,0,0,0,0,0,0,0,0,0,0,0,0,0,0,0,
0,0,899,912,0,0,0,0,0,0,0,0,0,0,906,0,0,0,0,0,0,0,0,0,0,0,0,0,0,0,0,0,
0,0,0,899,900,900,912,0,0,0,0,0,0,913,901,0,0,0,0,0,0,0,0,0,0,0,0,0,0,0,0,0,
0,0,0,0,0,0,899,900,902,0,0,903,900,901,0,0,0,0,0,0,0,0,0,0,0,0,0,0,0,0,0,0,
0,0,0,0,0,0,0,0,0,0,0,0,0,0,0,0,0,0,0,0,0,0,0,0,0,0,0,0,0,0,0,0,
0,0,0,0,0,0,0,0,0,0,0,0,0,0,0,0,0,0,0,0,0,0,0,0,0,0,0,0,0,0,909,0,
0,0,0,0,0,0,0,0,0,0,0,0,0,0,0,0,0,0,0,0,0,0,0,907,908,908,909,0,0,0,906,0,
0,0,0,0,0,907,0,0,0,0,0,0,0,0,0,0,0,0,0,0,0,0,0,899,920,921,901,0,0,0,906,0,
0,0,0,0,0,904,0,0,0,0,0,0,0,0,0,0,0,0,0,0,0,0,0,0,0,0,0,0,0,0,906,0,
0,0,0,0,0,904,0,0,0,0,0,0,0,0,0,0,0,0,0,0,0,0,0,0,0,0,0,0,0,0,906,0,
0,0,0,0,0,904,0,0,0,0,0,0,0,0,0,0,0,0,0,0,0,0,0,0,0,0,0,0,0,0,906,0,
0,0,0,0,0,899,900,912,0,0,0,0,0,0,0,0,0,0,0,0,0,0,0,0,0,0,913,900,900,900,901,0,
0,0,0,0,0,0,0,899,900,900,900,900,900,900,900,900,900,900,900,900,900,900,900,900,900,900,901,0,0,0,0,0,
0,0,0,0,0,0,0,0,0,0,0,0,0,0,0,0,0,0,0,0,0,0,0,0,0,0,0,0,0,0,0,0,
0,0,0,0,0,0,0,0,0,0,0,0,0,0,0,0,0,0,0,0,0,0,0,0,0,0,0,0,0,0,0,0,
0,0,0,0,0,0,0,0,0,0,0,0,0,0,0,0,0,0,0,0,0,0,0,0,0,0,0,0,0,0,0,0,
0,0,0,0,0,0,0,0,0,0,0,0,0,0,0,0,0,0,0,0,0,0,0,0,0,0,0,0,0,0,0,0,
0,0,0,0,0,0,0,0,0,0,0,0,0,0,0,0,0,0,0,0,0,0,0,0,0,0,0,0,0,0,0,0,
0,0,0,0,0,0,0,0,0,0,0,0,0,0,0,0,0,0,0,0,0,0,0,0,0,0,0,0,0,0,0,0

[layer]
type=collision
data=
0,0,0,0,0,0,0,1,0,1,0,0,0,0,0,0,0,0,0,0,0,0,0,0,0,0,0,0,0,0,0,0,
0,0,0,0,0,0,0,1,0,1,0,0,0,0,0,0,0,0,0,0,0,0,0,0,0,0,0,0,0,0,0,0,
0,0,0,0,0,0,0,1,0,1,0,0,0,0,0,0,0,0,0,0,0,0,0,0,0,0,0,0,0,0,0,0,
1,1,1,1,1,1,1,1,0,1,1,0,0,0,0,0,0,0,0,0,0,0,0,0,0,0,0,0,0,0,0,0,
0,0,0,0,0,0,0,0,0,0,1,1,0,0,0,0,0,0,0,0,0,0,0,0,0,0,0,0,0,0,0,0,
1,0,0,0,0,0,0,0,0,0,0,1,1,0,0,0,0,0,0,0,0,0,0,0,0,0,0,0,0,0,0,0,
1,0,0,0,0,0,0,0,0,0,0,0,1,1,0,0,0,0,0,0,0,0,0,0,0,0,0,0,0,0,0,0,
1,0,0,0,0,0,0,0,0,0,0,0,0,1,0,0,0,0,0,0,0,0,0,0,0,0,0,0,0,0,0,0,
1,1,0,0,0,0,0,0,0,0,0,0,0,1,1,0,0,0,0,0,0,0,0,0,0,0,0,0,0,0,0,0,
0,1,0,0,0,0,0,0,0,0,0,0,0,0,1,0,0,0,0,0,0,0,0,0,0,0,0,0,0,0,0,0,
0,1,0,0,0,0,0,0,0,0,0,0,0,0,1,0,0,0,0,0,0,0,0,0,0,0,0,0,0,0,0,0,
0,1,1,0,0,0,0,0,0,0,0,0,0,0,1,0,0,0,0,0,0,0,0,0,0,0,0,0,0,0,0,0,
0,0,1,1,0,0,0,0,0,0,0,0,0,0,1,0,0,0,0,0,0,0,0,0,0,0,0,0,0,0,0,0,
0,0,0,1,1,1,1,0,0,0,0,0,0,1,1,0,0,0,0,0,0,0,0,0,0,0,0,0,0,0,0,0,
0,0,0,0,0,0,1,1,1,0,0,1,1,1,0,0,0,0,0,0,0,0,0,0,0,0,0,0,0,0,0,0,
0,0,0,0,0,0,0,0,1,0,0,1,0,0,0,0,0,0,0,0,0,0,0,0,0,0,0,0,0,0,0,0,
0,0,0,0,0,0,0,0,1,0,0,1,0,1,1,1,1,1,1,1,1,1,1,1,1,1,1,1,1,1,1,0,
0,0,0,0,0,0,1,1,1,0,0,1,1,1,0,0,0,0,0,0,0,0,0,1,1,1,1,0,0,0,1,0,
0,0,0,0,0,1,1,0,0,0,0,0,0,0,0,0,0,0,0,0,0,0,0,1,0,0,1,0,0,0,1,0,
0,0,0,0,0,1,0,0,0,0,0,0,0,0,0,0,0,0,0,0,0,0,0,1,0,0,1,0,0,0,1,0,
0,0,0,0,0,1,0,0,0,0,0,0,0,0,0,0,0,0,0,0,0,0,0,1,0,0,1,0,0,0,1,0,
0,0,0,0,0,1,0,0,0,0,0,0,0,0,0,0,0,0,0,0,0,0,0,0,0,0,0,0,0,0,1,0,
0,0,0,0,0,1,0,0,0,0,0,0,0,0,0,0,0,0,0,0,0,0,0,0,0,0,0,0,0,0,1,0,
0,0,0,0,0,1,0,0,0,0,0,0,0,0,0,0,0,0,0,0,0,0,0,0,0,0,0,0,0,0,1,0,
0,0,0,0,0,1,1,1,0,0,0,0,0,0,0,0,0,0,0,0,0,0,0,0,0,0,1,1,1,1,1,0,
0,0,0,0,0,0,0,1,1,1,1,1,1,1,1,1,1,1,1,1,1,1,1,1,1,1,1,0,0,0,0,0,
0,0,0,0,0,0,0,0,0,0,0,0,0,0,0,0,0,0,0,0,0,0,0,0,0,0,0,0,0,0,0,0,
0,0,0,0,0,0,0,0,0,0,0,0,0,0,0,0,0,0,0,0,0,0,0,0,0,0,0,0,0,0,0,0,
0,0,0,0,0,0,0,0,0,0,0,0,0,0,0,0,0,0,0,0,0,0,0,0,0,0,0,0,0,0,0,0,
0,0,0,0,0,0,0,0,0,0,0,0,0,0,0,0,0,0,0,0,0,0,0,0,0,0,0,0,0,0,0,0,
0,0,0,0,0,0,0,0,0,0,0,0,0,0,0,0,0,0,0,0,0,0,0,0,0,0,0,0,0,0,0,0,
0,0,0,0,0,0,0,0,0,0,0,0,0,0,0,0,0,0,0,0,0,0,0,0,0,0,0,0,0,0,0,0

[enemygroup]
# 2 Melee Cultists
type=melee
location=3,6,3,3
level=2,2
number=2,2

[enemygroup]
# 2 Ranged Cultists
type=ranged
location=7,6,5,5
level=2,2
number=2,2

[enemygroup]
# 2 Melee cultists
type=melee
location=13,19,2,2
level=2,2
number=2,2

[event]
# Teleport to SnowC
type=teleport
location=24,18,2,2
intermap=snowc.txt,18,30

[event]
# Alert
type=run_once
location=9,3,1,1
hotspot=-16,-16,32,32
msg=Bring ssssacrifices for Zalkaz here!
tooltip=Sign

[event]
# Teleport to Snow7
type=teleport
location=8,0,1,1
intermap=snow7.txt,22,46

[event]
# Teleport to Snow5
type=teleport
location=0,4,1,1
intermap=snow5.txt,30,12

