[header]
width=32
height=32
tileset=outside.txt
title=Snow Mountain

[layer]
type=background
data=
281,281,281,281,281,281,281,281,281,281,281,281,281,281,281,281,281,281,281,281,281,281,281,281,281,281,281,281,281,281,281,281,
281,281,281,281,281,281,281,281,281,281,281,281,281,281,281,281,281,281,281,281,281,281,281,281,281,281,281,281,281,281,281,281,
281,281,281,281,281,281,281,281,281,281,281,281,281,281,281,281,281,281,281,281,281,281,281,281,281,281,281,281,281,281,281,281,
281,281,281,281,281,281,281,281,281,281,281,281,281,281,281,281,281,281,281,281,281,281,281,281,281,281,281,281,281,281,281,281,
281,281,281,281,281,281,281,281,281,281,281,281,281,281,281,281,281,281,281,281,281,281,281,281,281,281,281,281,281,281,281,281,
281,281,281,281,281,281,46,46,46,46,46,46,46,281,281,281,281,281,281,281,281,281,46,46,46,46,46,46,281,281,281,281,
281,281,281,281,281,907,908,908,908,908,908,908,908,909,281,281,281,281,281,281,46,907,908,908,908,908,908,908,909,281,281,281,
281,281,281,281,281,910,905,905,905,905,905,905,905,911,909,281,281,281,281,907,908,910,905,905,905,905,905,905,911,281,281,281,
281,281,281,281,904,905,905,905,905,905,905,905,905,905,911,281,281,281,281,910,905,905,905,905,905,905,905,905,905,281,281,281,
281,281,0,907,910,905,905,905,905,905,905,905,905,905,905,281,281,281,281,905,905,905,905,905,905,905,905,905,905,281,281,281,
281,281,281,0,905,905,905,905,905,905,905,905,905,905,905,281,281,281,281,905,905,905,905,905,905,905,905,905,905,281,281,281,
281,281,281,905,905,905,905,905,905,905,905,905,905,905,905,281,281,281,281,905,905,905,905,905,905,905,905,905,905,281,281,281,
281,281,281,905,905,905,905,905,905,905,905,905,905,905,905,281,281,281,281,905,905,905,905,905,905,905,905,905,905,281,281,281,
281,281,281,905,905,905,905,905,905,905,905,905,905,905,905,281,281,281,281,905,905,905,905,905,905,905,905,905,905,281,281,281,
281,281,281,905,905,905,905,905,905,905,905,905,905,905,281,281,281,281,281,905,905,905,905,905,905,905,905,905,905,281,281,281,
281,281,281,281,905,905,905,905,905,905,905,905,905,281,281,281,281,281,281,905,905,905,905,905,905,905,905,905,905,281,281,281,
281,281,281,281,905,905,905,905,905,905,905,905,281,281,281,281,281,281,281,281,905,905,905,905,905,905,905,905,905,281,281,281,
281,281,281,281,281,905,905,905,905,905,905,905,281,281,281,281,281,281,281,281,281,905,905,905,905,905,905,281,281,281,281,281,
281,281,281,281,281,905,905,905,905,905,281,281,281,281,281,281,281,281,281,281,281,281,900,281,281,281,281,281,281,281,281,281,
281,281,281,281,281,281,281,281,900,281,281,281,281,281,281,281,281,281,281,281,281,281,281,281,281,281,281,281,281,281,281,281,
281,281,281,281,281,281,281,281,281,281,281,281,281,281,281,281,281,281,281,281,281,281,281,281,281,281,281,281,281,281,281,281,
281,281,281,281,281,281,281,281,281,281,281,281,281,281,281,281,281,281,281,281,281,281,281,281,281,281,281,281,281,281,281,281,
281,281,281,281,281,281,281,281,281,281,281,281,281,281,281,281,281,281,281,281,281,281,281,281,281,281,281,281,281,281,281,281,
281,281,281,281,281,281,281,281,281,281,281,281,281,281,281,281,281,281,281,281,281,281,281,281,281,281,281,281,281,281,281,281,
281,281,281,281,281,281,281,281,281,281,281,281,281,281,281,281,281,281,281,281,281,281,281,281,281,281,281,281,281,281,281,281,
281,281,281,281,281,281,281,281,281,281,281,281,281,281,281,281,281,281,281,281,281,281,281,281,281,281,281,281,281,281,281,281,
281,281,281,281,281,281,281,281,281,281,281,281,281,281,281,281,281,281,281,281,281,281,281,281,281,281,281,281,281,281,281,281,
281,281,281,281,281,281,281,281,281,281,281,281,281,281,281,281,281,281,281,281,281,281,281,281,281,281,281,281,281,281,281,281,
281,281,281,281,281,281,281,281,281,281,281,281,281,281,281,281,281,281,281,281,281,281,281,281,281,281,281,281,281,281,281,281,
281,281,281,281,281,281,281,281,281,281,281,281,281,281,281,281,281,281,281,281,281,281,281,281,281,281,281,281,281,281,281,281,
281,281,281,281,281,281,281,281,281,281,281,281,281,281,281,281,281,281,281,281,281,281,281,281,281,281,281,281,281,281,281,281,
281,281,281,281,281,281,281,281,281,281,281,281,281,281,281,281,281,281,281,281,281,281,281,281,281,281,281,281,281,281,281,281

[layer]
type=object
data=
0,0,0,0,0,0,0,0,0,0,0,0,0,0,0,0,0,0,0,0,0,0,0,0,0,0,0,0,0,0,0,0,
0,0,0,0,0,0,0,0,0,0,0,0,0,0,0,0,0,0,0,0,0,0,0,0,0,0,0,0,0,0,0,0,
0,0,0,0,0,0,0,0,0,0,0,0,0,0,0,0,0,0,0,0,0,0,0,0,0,0,0,0,0,0,0,0,
0,0,0,0,0,0,0,0,0,0,0,0,0,0,0,0,0,0,0,0,0,0,0,0,0,0,0,0,0,0,0,0,
0,0,0,0,0,0,0,0,0,0,0,0,0,0,0,0,0,0,0,0,0,0,0,0,0,0,0,0,0,0,0,0,
0,0,0,0,0,0,0,0,0,0,0,0,0,0,0,0,0,0,0,0,0,0,0,0,0,0,0,0,0,0,0,0,
0,0,0,0,0,0,0,0,0,0,0,0,0,0,364,365,365,365,365,366,0,0,0,0,0,0,0,0,0,0,0,0,
0,0,0,0,0,0,0,0,0,0,0,0,0,0,391,392,392,392,392,393,0,0,0,0,0,0,0,0,0,0,0,0,
365,365,365,366,0,0,0,0,0,0,0,0,0,0,418,0,0,0,0,420,0,0,0,0,0,0,0,0,0,906,0,0,
392,392,392,393,0,0,0,0,0,0,0,0,0,0,0,0,0,0,0,0,0,0,0,0,0,0,0,0,0,906,0,0,
0,0,0,910,0,0,0,0,0,0,0,0,0,0,0,906,0,0,904,0,0,0,0,0,0,0,0,0,0,906,0,0,
0,0,0,0,0,0,0,0,0,0,0,0,0,0,0,906,0,0,904,0,0,0,0,0,0,0,0,0,0,906,0,0,
0,0,904,0,0,0,0,0,0,0,0,0,0,0,0,906,0,0,904,0,0,0,0,0,0,0,0,0,0,906,0,0,
0,0,904,0,0,0,0,0,0,0,0,0,0,0,0,906,0,0,904,0,0,0,0,0,0,0,0,0,0,906,0,0,
0,0,904,0,0,0,0,0,0,0,0,0,0,0,913,901,0,0,904,0,0,0,0,0,0,0,0,0,0,906,0,0,
0,0,899,912,0,0,0,0,0,0,0,0,0,913,901,0,0,0,904,0,0,0,272,0,0,0,0,0,0,906,0,0,
0,0,0,904,0,0,0,0,272,0,0,0,913,901,0,0,0,0,899,912,0,0,299,0,0,0,0,0,0,906,0,0,
0,0,0,899,912,0,0,0,299,0,0,0,906,0,0,0,0,0,0,899,912,0,299,0,0,0,0,913,900,901,0,0,
0,0,0,0,904,0,0,0,299,0,913,900,901,0,0,0,0,0,0,0,899,900,299,900,900,900,900,901,0,0,0,0,
0,0,0,0,899,900,900,900,299,900,901,0,0,0,0,0,0,0,0,0,0,0,299,0,0,0,0,0,0,0,0,0,
0,0,0,0,0,0,0,0,299,0,0,0,0,0,0,0,0,0,0,0,0,0,299,0,0,0,0,0,0,0,0,0,
0,0,0,0,0,0,0,0,299,0,0,0,0,0,0,0,0,0,0,0,0,0,299,0,0,0,0,0,0,0,0,0,
0,0,0,0,0,0,0,0,299,0,0,0,0,0,0,0,0,0,0,0,0,0,299,0,0,0,0,0,0,0,0,0,
0,0,0,0,0,0,0,0,299,0,0,0,0,0,0,0,0,0,0,0,0,0,299,0,0,0,0,0,0,0,0,0,
0,0,0,0,0,0,0,0,299,0,0,0,0,0,0,0,0,0,0,0,0,0,299,0,0,0,0,0,0,0,0,0,
0,0,0,0,0,0,0,0,299,0,0,0,0,0,0,0,0,0,0,0,0,0,299,0,0,0,0,0,0,0,0,0,
0,0,0,0,0,0,0,0,299,0,0,0,0,0,0,0,0,0,0,0,0,0,299,0,0,0,0,0,0,0,0,0,
0,0,0,0,0,0,0,0,299,0,0,0,0,0,0,0,0,0,0,0,0,0,299,0,0,0,0,0,0,0,0,0,
0,0,0,0,0,0,0,0,299,0,0,0,0,0,0,0,0,0,0,0,0,0,299,0,0,0,0,0,0,0,0,0,
0,0,0,0,0,0,0,0,299,0,0,0,0,0,0,0,0,0,0,0,0,0,299,0,0,0,0,0,0,0,0,0,
0,0,0,0,0,0,0,0,299,0,0,0,0,0,0,0,0,0,0,0,0,0,299,0,0,0,0,0,0,0,0,0,
0,0,0,0,0,0,0,0,299,0,0,0,0,0,0,0,0,0,0,0,0,0,299,0,0,0,0,0,0,0,0,0

[layer]
type=collision
data=
0,0,0,0,0,0,0,0,0,0,0,0,0,0,0,0,0,0,0,0,0,0,0,0,0,0,0,0,0,0,0,0,
0,0,0,0,0,0,0,0,0,0,0,0,0,0,0,0,0,0,0,0,0,0,0,0,0,0,0,0,0,0,0,0,
0,0,0,0,0,0,0,0,0,0,0,0,0,0,0,0,0,0,0,0,0,0,0,0,0,0,0,0,0,0,0,0,
0,0,0,0,0,0,0,0,0,0,0,0,0,0,0,0,0,0,0,0,0,0,0,0,0,0,0,0,0,0,0,0,
0,0,0,0,0,1,1,1,1,1,1,1,1,1,0,0,0,0,0,0,0,1,1,1,1,1,1,1,1,0,0,0,
0,0,0,0,1,1,0,0,0,0,0,0,0,1,1,0,0,0,0,1,1,1,0,0,0,0,0,0,1,1,0,0,
0,0,0,0,1,0,0,0,0,0,0,0,0,0,1,1,1,1,1,1,0,0,0,0,0,0,0,0,0,1,0,0,
0,0,0,1,1,0,0,0,0,0,0,0,0,0,0,0,0,0,0,0,0,0,0,0,0,0,0,0,0,1,0,0,
1,1,1,1,0,0,0,0,0,0,0,0,0,0,0,1,1,1,1,0,0,0,0,0,0,0,0,0,0,1,0,0,
0,0,0,0,0,0,0,0,0,0,0,0,0,0,0,1,0,0,1,0,0,0,0,0,0,0,0,0,0,1,0,0,
1,1,1,0,0,0,0,0,0,0,0,0,0,0,0,1,0,0,1,0,0,0,0,0,0,0,0,0,0,1,0,0,
0,0,1,0,0,0,0,0,0,0,0,0,0,0,0,1,0,0,1,0,0,0,0,0,0,0,0,0,0,1,0,0,
0,0,1,0,0,0,0,0,0,0,0,0,0,0,1,1,0,0,1,0,0,0,0,0,0,0,0,0,0,1,0,0,
0,0,1,1,0,0,0,0,0,0,0,0,0,1,1,0,0,0,1,0,0,0,0,0,0,0,0,0,0,1,0,0,
0,0,0,1,0,0,0,0,0,0,0,0,1,1,0,0,0,0,1,1,0,0,0,0,0,0,0,0,0,1,0,0,
0,0,0,1,1,0,0,0,0,0,0,0,1,0,0,0,0,0,0,1,1,0,0,0,0,0,0,1,1,1,0,0,
0,0,0,0,1,0,0,0,0,0,1,1,1,0,0,0,0,0,0,0,1,1,0,1,1,1,1,1,0,0,0,0,
0,0,0,0,1,1,1,1,0,1,1,0,0,0,0,0,0,0,0,0,0,1,0,1,0,0,0,0,0,0,0,0,
0,0,0,0,0,0,0,1,0,1,0,0,0,0,0,0,0,0,0,0,0,1,0,1,0,0,0,0,0,0,0,0,
0,0,0,0,0,0,0,1,0,1,0,0,0,0,0,0,0,0,0,0,0,1,0,1,0,0,0,0,0,0,0,0,
0,0,0,0,0,0,0,1,0,1,0,0,0,0,0,0,0,0,0,0,0,1,0,1,0,0,0,0,0,0,0,0,
0,0,0,0,0,0,0,1,0,1,0,0,0,0,0,0,0,0,0,0,0,1,0,1,0,0,0,0,0,0,0,0,
0,0,0,0,0,0,0,1,0,1,0,0,0,0,0,0,0,0,0,0,0,1,0,1,0,0,0,0,0,0,0,0,
0,0,0,0,0,0,0,1,0,1,0,0,0,0,0,0,0,0,0,0,0,1,0,1,0,0,0,0,0,0,0,0,
0,0,0,0,0,0,0,1,0,1,0,0,0,0,0,0,0,0,0,0,0,1,0,1,0,0,0,0,0,0,0,0,
0,0,0,0,0,0,0,1,0,1,0,0,0,0,0,0,0,0,0,0,0,1,0,1,0,0,0,0,0,0,0,0,
0,0,0,0,0,0,0,1,0,1,0,0,0,0,0,0,0,0,0,0,0,1,0,1,0,0,0,0,0,0,0,0,
0,0,0,0,0,0,0,1,0,1,0,0,0,0,0,0,0,0,0,0,0,1,0,1,0,0,0,0,0,0,0,0,
0,0,0,0,0,0,0,1,0,1,0,0,0,0,0,0,0,0,0,0,0,1,0,1,0,0,0,0,0,0,0,0,
0,0,0,0,0,0,0,1,0,1,0,0,0,0,0,0,0,0,0,0,0,1,0,1,0,0,0,0,0,0,0,0,
0,0,0,0,0,0,0,1,0,1,0,0,0,0,0,0,0,0,0,0,0,1,0,1,0,0,0,0,0,0,0,0,
0,0,0,0,0,0,0,1,0,1,0,0,0,0,0,0,0,0,0,0,0,1,0,1,0,0,0,0,0,0,0,0

[enemygroup]
# 2 Skeletons
type=skeleton
location=8,5,5,9
level=1,1
number=2,2

[enemygroup]
# 2 Skeleton Mages
type=skeletonmage
location=22,5,6,10
level=2,2
number=2,2,

[event]
# Teleport to Snow1
type=teleport
location=0,9,1,1
intermap=snow1.txt,30,9

[event]
# Teleport to Snow3
type=teleport
location=8,31,1,1
intermap=snow3.txt,6,1

[event]
# Teleport to Snow3
type=teleport
location=22,31,1,1
intermap=snow3.txt,20,1

