[header]
width=32
height=32
music=snow_about_a_castle.ogg
tileset=outside.txt
title=Snow Mountain

[layer]
type=background
data=
99,46,46,46,46,46,97,101,101,101,101,101,101,101,101,101,101,101,101,101,101,101,101,101,101,101,101,101,101,101,101,101,
99,46,46,46,46,46,97,101,101,101,101,101,101,101,101,101,101,101,101,101,101,101,101,101,101,101,101,101,101,101,101,101,
99,46,46,46,46,46,97,101,101,101,101,101,101,101,101,101,101,101,101,101,101,101,101,101,101,101,101,101,101,101,101,101,
99,46,46,46,46,46,97,101,101,101,101,101,101,101,101,101,101,101,101,101,101,101,101,101,101,101,101,101,101,101,101,101,
99,46,46,46,46,46,124,18,101,101,101,101,101,101,101,101,101,101,101,101,101,101,101,101,101,101,101,101,101,101,101,101,
99,46,46,46,46,46,46,97,101,101,101,101,101,101,101,101,101,101,101,101,101,101,101,101,101,101,101,101,101,101,101,101,
44,72,46,46,46,46,46,124,18,101,101,101,101,101,101,101,101,101,101,101,101,101,101,101,101,101,101,101,101,101,101,101,
101,99,46,46,46,46,46,46,97,101,101,101,101,101,101,101,101,101,101,101,101,101,101,101,101,101,101,101,101,101,101,101,
101,99,46,46,46,46,46,46,124,18,101,101,101,101,101,101,101,101,101,101,101,101,101,101,101,101,101,101,101,101,101,101,
101,99,46,46,46,46,46,46,46,124,18,101,101,101,101,101,101,101,101,101,275,275,275,275,275,275,275,275,275,275,101,101,
101,44,72,46,46,46,46,46,46,46,97,101,101,101,101,101,101,101,101,98,275,275,275,275,275,275,275,275,275,275,101,101,
101,101,99,46,46,46,46,46,46,46,124,18,101,101,101,101,101,101,101,101,275,275,275,275,275,275,275,275,275,275,101,101,
101,101,44,72,46,46,46,46,46,46,46,124,18,101,101,101,101,101,101,101,275,275,275,275,275,275,275,275,275,275,101,101,
101,101,101,44,72,46,46,46,46,46,46,46,97,101,101,101,101,101,101,101,275,275,275,275,275,275,275,275,275,275,98,101,
101,101,101,101,44,72,46,46,46,46,46,46,124,18,101,101,101,101,101,101,359,359,359,328,275,329,359,359,359,359,98,101,
101,101,101,101,101,44,72,46,46,46,46,46,46,97,101,101,101,101,101,101,0,0,0,355,275,356,0,0,0,0,101,101,
101,101,101,101,101,101,99,46,46,46,46,46,46,124,18,101,101,101,101,101,275,275,275,552,275,553,275,275,275,275,101,101,
101,101,101,101,101,101,99,46,46,46,46,46,46,46,97,101,101,101,101,101,275,275,275,275,275,275,275,275,275,275,101,101,
101,101,101,101,101,101,44,72,46,46,46,46,46,46,124,18,101,101,101,101,275,275,275,275,275,275,275,275,275,275,101,101,
101,101,101,101,101,101,101,44,72,46,46,46,46,46,46,97,101,101,101,101,275,275,275,275,275,275,275,275,275,275,101,101,
101,101,101,101,101,101,101,101,44,72,46,46,46,46,46,124,18,101,101,101,275,275,275,275,275,275,275,275,275,275,101,101,
101,101,101,101,101,101,101,101,101,99,46,46,46,46,46,46,124,18,101,101,359,359,359,328,275,329,359,359,359,359,101,101,
101,101,101,101,101,101,101,101,101,44,72,46,46,46,46,46,46,124,125,125,0,0,0,355,275,356,0,0,0,0,125,18,
101,101,101,101,101,101,101,101,101,101,99,46,46,46,46,46,46,46,46,46,46,46,46,552,275,553,46,46,46,46,46,97,
101,101,101,101,101,101,101,101,101,101,99,46,46,46,46,46,46,46,46,46,46,46,46,46,275,46,46,46,46,46,70,45,
101,101,101,101,101,101,101,101,101,101,44,72,46,46,46,46,46,46,46,46,46,46,46,46,275,46,46,46,46,46,97,98,
101,101,101,101,101,101,101,101,101,101,101,44,71,72,46,46,46,46,46,46,46,46,46,46,275,46,46,46,46,70,45,98,
101,101,101,101,101,101,101,101,101,101,101,101,101,44,71,71,72,46,46,46,46,46,46,46,275,46,46,46,70,45,98,98,
101,101,101,101,101,101,101,101,101,101,101,101,101,101,101,101,44,71,71,71,71,71,71,71,71,71,71,71,45,98,98,98,
101,101,101,101,101,101,101,101,101,101,101,101,101,101,101,101,101,101,101,101,101,101,101,101,98,101,101,101,101,101,101,101,
101,101,101,101,101,101,101,101,101,101,101,101,101,101,101,101,101,101,101,101,101,101,101,101,98,101,101,101,101,101,101,101,
101,101,101,101,101,101,101,101,101,101,101,101,101,101,101,101,101,101,101,101,101,101,101,101,98,101,101,101,101,101,101,101

[layer]
type=object
data=
0,0,0,0,0,0,0,0,0,0,0,0,0,0,0,0,0,0,0,0,0,0,0,0,0,0,0,0,0,0,0,0,
0,0,0,0,0,0,0,0,0,0,0,0,0,0,0,0,0,0,0,0,0,0,0,0,0,0,0,0,0,0,0,0,
0,0,0,0,0,0,0,0,0,0,0,0,0,0,0,0,0,0,0,0,0,0,0,0,0,0,0,0,0,0,0,0,
0,0,0,0,0,0,0,0,0,0,0,0,0,0,0,0,0,0,0,0,0,0,0,0,0,0,0,0,0,0,0,0,
0,0,0,0,0,0,0,0,0,0,0,0,0,0,0,0,0,0,0,0,0,0,0,0,0,0,0,0,0,0,0,0,
0,0,0,0,0,0,0,0,0,0,0,0,0,0,0,0,0,0,0,0,0,0,0,0,0,0,0,0,0,0,0,0,
0,0,0,0,0,0,0,0,0,0,0,0,0,0,0,0,0,0,0,0,0,0,0,0,0,0,0,0,0,0,0,0,
0,0,0,0,0,0,0,0,0,0,0,0,0,0,0,0,0,0,0,0,0,0,0,0,0,0,0,0,0,0,0,0,
0,0,0,0,0,0,0,0,0,0,0,0,0,0,0,0,0,0,0,301,302,302,302,302,302,302,302,302,364,365,365,365,
0,0,0,0,0,0,0,0,0,0,0,0,0,0,0,0,0,0,0,274,0,0,0,0,0,0,0,0,391,392,392,392,
0,0,0,0,0,0,0,0,0,0,0,0,0,0,0,0,0,0,0,274,0,0,0,0,0,0,0,0,418,0,276,0,
0,0,0,0,0,0,0,0,0,0,0,0,0,0,0,0,0,0,0,274,0,0,0,0,0,0,0,0,0,0,276,0,
0,0,0,0,0,0,0,0,0,0,0,0,0,0,0,0,0,0,0,274,0,0,0,0,0,0,0,0,0,0,276,0,
0,0,0,0,0,0,0,0,0,0,0,0,0,0,0,0,0,0,0,274,0,0,0,0,0,0,0,0,0,0,276,0,
0,0,0,0,0,0,0,0,0,0,0,0,0,0,0,0,0,0,0,358,0,0,0,0,0,0,0,0,0,0,360,0,
0,0,0,0,0,0,0,0,0,0,0,0,0,0,0,0,0,0,0,385,386,386,386,0,0,0,386,386,386,386,387,0,
0,0,0,0,0,0,0,0,0,0,0,0,0,0,0,0,0,0,0,274,580,580,580,0,0,0,580,580,580,580,276,0,
0,0,0,0,0,0,0,0,0,0,0,0,0,0,0,0,0,0,0,274,0,0,0,0,0,0,0,0,0,0,276,0,
0,0,0,0,0,0,0,0,0,0,0,0,0,0,0,0,0,0,0,274,0,0,0,0,0,0,0,0,0,0,276,0,
0,0,0,0,0,0,0,0,0,0,0,0,0,0,0,0,0,0,0,274,0,0,0,0,0,0,0,0,0,0,276,0,
0,0,0,0,0,0,0,0,0,0,0,0,0,0,0,0,0,0,0,274,0,0,0,0,0,0,0,0,0,0,276,0,
0,0,0,0,0,0,0,0,0,0,0,0,0,0,0,0,0,0,0,358,0,0,0,0,0,0,0,0,0,0,360,0,
0,0,0,0,0,0,0,0,0,0,0,0,0,0,0,0,0,0,0,385,386,386,386,0,0,0,386,386,386,386,387,0,
0,0,0,0,0,0,0,0,0,0,0,0,0,0,0,0,0,0,0,412,580,580,580,0,0,0,580,580,580,580,581,0,
0,0,0,0,0,0,0,0,0,0,0,0,0,0,0,0,0,0,0,0,0,0,0,0,0,410,0,0,0,0,0,0,
0,0,0,0,0,0,0,0,0,0,0,0,0,0,0,0,0,0,0,0,0,0,0,0,0,0,0,0,0,0,0,0,
0,0,0,0,0,0,0,0,0,0,0,0,0,0,0,0,0,0,0,0,0,0,0,0,0,0,0,0,0,0,0,0,
0,0,0,0,0,0,0,0,0,0,0,0,0,0,0,0,0,0,0,0,0,0,0,0,0,0,0,0,0,0,0,0,
0,0,0,0,0,0,0,0,0,0,0,0,0,0,0,0,0,0,0,0,0,0,0,0,0,0,0,0,0,0,0,0,
0,0,0,0,0,0,0,0,0,0,0,0,0,0,0,0,0,0,0,0,0,0,0,0,0,0,0,0,0,0,0,0,
0,0,0,0,0,0,0,0,0,0,0,0,0,0,0,0,0,0,0,0,0,0,0,0,0,0,0,0,0,0,0,0,
0,0,0,0,0,0,0,0,0,0,0,0,0,0,0,0,0,0,0,0,0,0,0,0,0,0,0,0,0,0,0,0

[layer]
type=collision
data=
0,0,0,0,0,0,0,0,0,0,0,0,0,0,0,0,0,0,0,0,0,0,0,0,0,0,0,0,0,0,0,0,
0,0,0,0,0,0,0,0,0,0,0,0,0,0,0,0,0,0,0,0,0,0,0,0,0,0,0,0,0,0,0,0,
0,0,0,0,0,0,0,0,0,0,0,0,0,0,0,0,0,0,0,0,0,0,0,0,0,0,0,0,0,0,0,0,
0,0,0,0,0,0,0,0,0,0,0,0,0,0,0,0,0,0,0,0,0,0,0,0,0,0,0,0,0,0,0,0,
0,0,0,0,0,0,0,0,0,0,0,0,0,0,0,0,0,0,0,0,0,0,0,0,0,0,0,0,0,0,0,0,
0,0,0,0,0,0,0,0,0,0,0,0,0,0,0,0,0,0,0,0,0,0,0,0,0,0,0,0,0,0,0,0,
0,0,0,0,0,0,0,0,0,0,0,0,0,0,0,0,0,0,0,0,0,0,0,0,0,0,0,0,0,0,0,0,
0,0,0,0,0,0,0,0,0,0,0,0,0,0,0,0,0,0,0,0,0,0,0,0,0,0,0,0,0,0,0,0,
0,0,0,0,0,0,0,0,0,0,0,0,0,0,0,0,0,0,0,1,1,1,1,1,1,1,1,1,1,1,1,1,
0,0,0,0,0,0,0,0,0,0,0,0,0,0,0,0,0,0,0,1,0,0,0,0,0,0,0,0,0,0,0,0,
0,0,0,0,0,0,0,0,0,0,0,0,0,0,0,0,0,0,0,1,0,0,0,0,0,0,0,0,0,0,1,1,
0,0,0,0,0,0,0,0,0,0,0,0,0,0,0,0,0,0,0,1,0,0,0,0,0,0,0,0,0,0,1,0,
0,0,0,0,0,0,0,0,0,0,0,0,0,0,0,0,0,0,0,1,0,0,0,0,0,0,0,0,0,0,1,0,
0,0,0,0,0,0,0,0,0,0,0,0,0,0,0,0,0,0,0,1,0,0,0,0,0,0,0,0,0,0,1,0,
0,0,0,0,0,0,0,0,0,0,0,0,0,0,0,0,0,0,0,1,1,1,1,1,0,1,1,1,1,1,1,0,
0,0,0,0,0,0,0,0,0,0,0,0,0,0,0,0,0,0,0,1,1,1,1,1,0,1,1,1,1,1,1,0,
0,0,0,0,0,0,0,0,0,0,0,0,0,0,0,0,0,0,0,1,1,1,1,1,0,1,1,1,1,1,1,0,
0,0,0,0,0,0,0,0,0,0,0,0,0,0,0,0,0,0,0,1,0,0,0,0,0,0,0,0,0,0,1,0,
0,0,0,0,0,0,0,0,0,0,0,0,0,0,0,0,0,0,0,1,0,0,0,0,0,0,0,0,0,0,1,0,
0,0,0,0,0,0,0,0,0,0,0,0,0,0,0,0,0,0,0,1,0,0,0,0,0,0,0,0,0,0,1,0,
0,0,0,0,0,0,0,0,0,0,0,0,0,0,0,0,0,0,0,1,0,0,0,0,0,0,0,0,0,0,1,0,
0,0,0,0,0,0,0,0,0,0,0,0,0,0,0,0,0,0,0,1,1,1,1,1,0,1,1,1,1,1,1,0,
0,0,0,0,0,0,0,0,0,0,0,0,0,0,0,0,0,0,0,1,1,1,1,1,0,1,1,1,1,1,1,0,
0,0,0,0,0,0,0,0,0,0,0,0,0,0,0,0,0,0,0,1,1,1,1,1,0,1,1,1,1,1,1,0,
0,0,0,0,0,0,0,0,0,0,0,0,0,0,0,0,0,0,0,0,0,0,0,0,0,0,0,0,0,0,0,0,
0,0,0,0,0,0,0,0,0,0,0,0,0,0,0,0,0,0,0,0,0,0,0,0,0,0,0,0,0,0,0,0,
0,0,0,0,0,0,0,0,0,0,0,0,0,0,0,0,0,0,0,0,0,0,0,0,0,0,0,0,0,0,0,0,
0,0,0,0,0,0,0,0,0,0,0,0,0,0,0,0,0,0,0,0,0,0,0,0,0,0,0,0,0,0,0,0,
0,0,0,0,0,0,0,0,0,0,0,0,0,0,0,0,0,0,0,0,0,0,0,0,0,0,0,0,0,0,0,0,
0,0,0,0,0,0,0,0,0,0,0,0,0,0,0,0,0,0,0,0,0,0,0,0,0,0,0,0,0,0,0,0,
0,0,0,0,0,0,0,0,0,0,0,0,0,0,0,0,0,0,0,0,0,0,0,0,0,0,0,0,0,0,0,0,
0,0,0,0,0,0,0,0,0,0,0,0,0,0,0,0,0,0,0,0,0,0,0,0,0,0,0,0,0,0,0,0

[enemygroup]
# Cultist
type=cultist
location=7,11,1,1
level=2,2
number=1,1

[event]
# Teleport to Laurelia
type=teleport
location=0,0,7,1
intermap=laurelia.txt,74,142

[event]
# Teleport to Snow2
type=teleport
location=31,9,1,1
intermap=snow2.txt,1,9

[event]
# Require Juggernaut Talisman
type=teleport
requires_not=fulljugg
location=24,14,1,1
intramap=24,24
msg=You need the Juggernaut Talisman to proceed!

