[header]
width=32
height=32
tileset=town.txt
title=Volcano
music=evil_temple.ogg

[layer]
type=background
data=
110,110,110,110,110,110,110,110,110,110,110,110,110,110,110,110,110,110,110,110,110,110,110,110,110,110,110,110,110,110,110,110,
110,110,110,110,110,110,110,110,110,110,110,110,110,110,110,110,110,110,110,29,137,137,137,137,137,137,137,30,110,110,110,110,
110,110,110,110,110,110,110,110,110,110,110,110,110,110,110,110,110,29,137,138,107,107,107,107,107,107,107,136,137,30,110,110,
110,110,110,110,110,110,110,110,110,110,110,110,110,110,110,110,29,138,107,107,107,107,107,107,107,107,107,107,107,136,30,110,
110,110,110,110,110,110,110,110,110,110,110,110,110,110,110,110,111,107,107,107,107,107,107,107,107,107,107,107,107,107,109,110,
110,110,110,110,110,110,110,110,110,110,110,110,110,110,110,29,138,107,107,107,107,107,107,107,107,107,107,107,107,107,136,30,
110,110,110,110,110,110,110,110,110,110,110,110,110,110,110,111,107,107,107,107,107,107,107,107,107,107,107,107,107,107,107,109,
110,110,110,110,110,110,110,110,110,110,110,110,110,110,110,111,107,107,107,107,107,107,107,107,107,107,107,107,107,107,107,109,
110,110,110,110,110,110,110,110,110,110,110,110,110,110,110,111,107,107,107,107,107,107,107,107,107,107,107,107,107,107,107,109,
110,110,110,110,110,110,110,110,110,110,110,110,110,110,110,111,107,107,107,107,107,107,107,107,107,107,107,107,107,107,107,109,
110,110,110,110,110,110,110,110,110,110,110,110,110,110,110,111,107,107,107,107,107,107,107,107,107,107,107,107,107,107,107,109,
110,110,110,110,110,110,110,110,110,110,110,110,110,110,110,56,84,107,107,107,107,107,107,107,107,107,107,107,107,107,107,109,
110,110,110,110,110,110,110,110,110,110,110,110,110,110,110,110,111,107,107,107,107,107,107,107,107,107,107,107,107,107,107,109,
110,110,110,110,110,110,110,110,110,110,110,110,110,110,110,110,56,84,107,107,107,107,107,107,107,107,107,107,107,107,107,109,
110,110,110,110,110,110,110,110,110,110,110,110,110,110,110,110,110,56,84,107,107,107,107,107,107,107,107,107,107,107,107,109,
110,110,110,110,110,110,110,110,110,110,110,110,110,110,110,110,110,110,56,83,83,84,107,107,107,107,107,107,107,82,83,57,
110,110,110,110,110,110,110,110,110,110,110,110,110,29,137,137,137,30,110,110,110,56,83,83,83,83,83,83,83,57,110,110,
110,110,110,110,110,110,110,110,110,110,110,29,137,138,107,107,107,136,30,110,110,110,110,110,110,110,110,110,110,110,110,110,
110,110,110,110,110,110,110,110,110,110,29,138,107,107,107,107,107,107,136,30,110,110,110,110,110,110,110,110,110,110,110,110,
110,110,110,110,110,110,110,110,110,29,138,107,107,107,107,107,107,107,107,136,30,110,110,110,110,110,110,110,110,110,110,110,
110,110,110,110,110,110,110,110,110,111,107,107,107,107,107,107,107,107,107,107,109,110,110,110,110,110,110,110,110,110,110,110,
137,137,137,137,137,30,110,110,110,111,107,107,107,107,107,107,107,107,107,107,136,137,137,30,110,110,110,110,110,110,110,110,
107,107,107,107,107,109,110,110,110,111,107,107,107,107,107,107,107,107,107,107,107,107,107,109,110,110,110,110,110,110,110,110,
107,107,107,107,107,136,30,110,110,111,107,107,107,107,107,107,107,107,107,107,107,107,107,109,110,110,110,110,110,110,110,110,
107,107,107,107,107,107,109,110,110,111,107,107,107,107,107,107,107,107,107,107,107,107,107,109,110,110,110,110,110,110,110,110,
107,107,107,107,107,107,109,110,110,56,84,107,107,107,107,107,107,107,107,107,82,83,83,57,110,110,110,110,110,110,110,110,
107,107,107,107,107,107,109,110,110,110,56,83,84,107,107,107,107,107,107,107,109,110,110,110,110,110,110,110,110,110,110,110,
107,107,107,107,107,107,109,110,110,110,110,110,56,83,83,83,83,83,83,83,57,110,110,110,110,110,110,110,110,110,110,110,
107,107,107,107,107,82,57,110,110,110,110,110,110,110,110,110,110,110,110,110,110,110,110,110,110,110,110,110,110,110,110,110,
107,107,107,82,83,57,110,110,110,110,110,110,110,110,110,110,110,110,110,110,110,110,110,110,110,110,110,110,110,110,110,110,
83,83,83,57,110,110,110,110,110,110,110,110,110,110,110,110,110,110,110,110,110,110,110,110,110,110,110,110,110,110,110,110,
110,110,110,110,110,110,110,110,110,110,110,110,110,110,110,110,110,110,110,110,110,110,110,110,110,110,110,110,110,110,110,110

[layer]
type=object
data=
0,0,0,0,0,0,0,0,0,0,0,0,0,0,0,0,0,0,0,0,0,0,0,0,0,0,0,0,0,0,0,0,
0,0,0,0,0,0,0,0,0,0,0,0,0,0,0,0,0,0,0,0,0,0,0,0,0,0,0,0,0,0,0,0,
0,0,0,0,0,0,0,0,0,0,0,0,0,0,0,0,0,0,0,0,0,0,0,0,0,0,0,0,0,0,0,0,
0,0,0,0,0,0,0,0,0,0,0,0,0,0,0,0,0,0,0,0,243,0,0,0,0,0,0,0,0,0,0,0,
0,0,0,0,0,0,0,0,0,0,0,0,0,0,0,0,0,0,0,0,0,0,0,0,0,0,0,0,0,0,0,0,
0,0,0,0,0,0,0,0,0,0,0,0,0,0,0,0,0,0,0,0,0,0,0,0,0,0,0,243,0,0,0,0,
0,0,0,0,0,0,0,0,0,0,0,0,0,0,0,0,0,0,0,0,0,0,0,0,0,0,0,0,0,0,0,0,
0,0,0,0,0,0,0,0,0,0,0,0,0,0,0,0,0,243,0,0,0,0,398,317,399,0,0,0,0,0,0,0,
0,0,0,0,0,0,0,0,0,0,0,0,0,0,0,0,0,0,0,0,0,0,289,289,289,0,0,0,0,0,0,0,
0,0,0,0,0,0,0,0,0,0,0,0,0,0,0,0,0,0,0,0,0,0,0,0,0,0,0,0,0,0,0,0,
0,0,0,0,0,0,0,0,0,0,0,0,0,0,0,0,0,0,0,0,0,0,0,0,0,0,0,0,0,0,0,0,
0,0,0,0,0,0,0,0,0,0,0,0,0,0,0,0,0,0,0,0,0,0,0,0,0,0,0,0,0,0,0,0,
0,0,0,0,0,0,0,0,0,0,0,0,0,0,0,0,0,0,0,0,0,243,0,0,0,0,0,0,0,0,0,0,
0,0,0,0,0,0,0,0,0,0,0,0,0,0,0,0,0,0,0,0,0,0,0,0,0,0,0,0,243,0,0,0,
0,0,0,0,0,0,0,0,0,0,0,0,0,0,0,0,0,0,0,0,0,0,0,0,0,0,0,0,0,0,0,0,
0,0,0,0,0,0,0,0,0,0,0,0,0,0,0,0,0,0,0,0,0,0,272,0,0,0,0,0,0,0,0,0,
0,0,0,0,0,0,0,0,0,0,0,0,0,0,0,0,0,0,0,0,0,0,299,0,0,0,0,0,0,0,0,0,
0,0,0,0,0,0,0,0,0,0,0,0,0,0,0,0,0,0,0,0,0,0,299,0,0,0,0,0,0,0,0,0,
0,0,0,0,0,0,0,0,0,0,0,0,0,0,0,0,0,0,0,0,0,0,299,0,0,0,0,0,0,0,0,0,
0,0,0,0,0,0,0,0,0,0,0,0,0,0,0,0,0,0,0,0,0,0,299,0,0,0,0,0,0,0,0,0,
0,0,0,0,0,0,0,0,0,0,0,0,0,243,0,0,0,0,0,0,0,0,299,0,0,0,0,0,0,0,0,0,
0,0,0,0,0,0,0,0,0,0,0,0,0,0,0,0,0,0,0,0,0,0,326,0,0,0,0,0,0,0,0,0,
0,0,0,0,0,0,0,0,0,0,0,0,0,0,0,0,0,0,0,0,0,0,0,0,0,0,0,0,0,0,0,0,
0,0,0,0,0,0,0,0,0,0,0,0,0,0,0,0,0,0,0,0,0,0,0,0,0,0,0,0,0,0,0,0,
0,0,0,0,0,0,361,362,362,362,363,0,0,0,0,0,0,0,0,0,0,0,0,0,0,0,0,0,0,0,0,0,
0,0,0,0,0,0,388,0,0,0,390,0,0,0,0,0,0,243,0,0,0,0,0,0,0,0,0,0,0,0,0,0,
0,0,0,0,0,0,0,0,0,0,0,0,0,0,0,0,0,0,0,0,0,0,0,0,0,0,0,0,0,0,0,0,
0,0,0,0,243,0,0,0,0,0,0,0,0,0,0,0,0,0,0,0,0,0,0,0,0,0,0,0,0,0,0,0,
0,0,0,0,0,0,0,0,0,0,0,0,0,0,0,0,0,0,0,0,0,0,0,0,0,0,0,0,0,0,0,0,
0,0,0,0,0,0,0,0,0,0,0,0,0,0,0,0,0,0,0,0,0,0,0,0,0,0,0,0,0,0,0,0,
0,0,0,0,0,0,0,0,0,0,0,0,0,0,0,0,0,0,0,0,0,0,0,0,0,0,0,0,0,0,0,0,
0,0,0,0,0,0,0,0,0,0,0,0,0,0,0,0,0,0,0,0,0,0,0,0,0,0,0,0,0,0,0,0

[layer]
type=collision
data=
0,0,0,0,0,0,0,0,0,0,0,0,0,0,0,0,0,0,0,0,0,0,0,0,0,0,0,0,0,0,0,0,
0,0,0,0,0,0,0,0,0,0,0,0,0,0,0,0,0,0,0,1,1,1,1,1,1,1,1,1,0,0,0,0,
0,0,0,0,0,0,0,0,0,0,0,0,0,0,0,0,0,1,1,1,0,0,0,0,0,0,0,1,1,1,0,0,
0,0,0,0,0,0,0,0,0,0,0,0,0,0,0,0,1,1,0,0,1,0,0,0,0,0,0,0,0,1,1,0,
0,0,0,0,0,0,0,0,0,0,0,0,0,0,0,0,1,0,0,0,0,0,0,0,0,0,0,0,0,0,1,0,
0,0,0,0,0,0,0,0,0,0,0,0,0,0,0,1,1,0,0,0,0,0,0,0,0,0,0,1,0,0,1,1,
0,0,0,0,0,0,0,0,0,0,0,0,0,0,0,1,0,0,0,0,0,0,0,0,0,0,0,0,0,0,0,1,
0,0,0,0,0,0,0,0,0,0,0,0,0,0,0,1,0,1,0,0,0,0,1,1,1,0,0,0,0,0,0,1,
0,0,0,0,0,0,0,0,0,0,0,0,0,0,0,1,0,0,0,0,0,0,1,1,1,0,0,0,0,0,0,1,
0,0,0,0,0,0,0,0,0,0,0,0,0,0,0,1,0,0,0,0,0,0,0,0,0,0,0,0,0,0,0,1,
0,0,0,0,0,0,0,0,0,0,0,0,0,0,0,1,0,0,0,0,0,0,0,0,0,0,0,0,0,0,0,1,
0,0,0,0,0,0,0,0,0,0,0,0,0,0,0,1,1,0,0,0,0,0,0,0,0,0,0,0,0,0,0,1,
0,0,0,0,0,0,0,0,0,0,0,0,0,0,0,0,1,0,0,0,0,1,0,0,0,0,0,0,0,0,0,1,
0,0,0,0,0,0,0,0,0,0,0,0,0,0,0,0,1,1,0,0,0,0,0,0,0,0,0,0,1,0,0,1,
0,0,0,0,0,0,0,0,0,0,0,0,0,0,0,0,0,1,1,0,0,0,0,0,0,0,0,0,0,0,0,1,
0,0,0,0,0,0,0,0,0,0,0,0,0,0,0,0,0,0,1,1,1,1,0,0,0,0,0,0,0,1,1,1,
0,0,0,0,0,0,0,0,0,0,0,0,0,1,1,1,1,1,0,0,0,1,0,1,1,1,1,1,1,1,0,0,
0,0,0,0,0,0,0,0,0,0,0,1,1,1,0,0,0,1,1,0,0,1,0,1,0,0,0,0,0,0,0,0,
0,0,0,0,0,0,0,0,0,0,1,1,0,0,0,0,0,0,1,1,0,1,0,1,0,0,0,0,0,0,0,0,
0,0,0,0,0,0,0,0,0,1,1,0,0,0,0,0,0,0,0,1,1,1,0,1,0,0,0,0,0,0,0,0,
0,0,0,0,0,0,0,0,0,1,0,0,0,1,0,0,0,0,0,0,1,1,0,1,0,0,0,0,0,0,0,0,
1,1,1,1,1,1,0,0,0,1,0,0,0,0,0,0,0,0,0,0,1,1,0,1,0,0,0,0,0,0,0,0,
0,0,0,0,0,1,0,0,0,1,0,0,0,0,0,0,0,0,0,0,0,0,0,1,0,0,0,0,0,0,0,0,
0,0,0,0,0,1,1,1,1,1,0,0,0,0,0,0,0,0,0,0,0,0,0,1,0,0,0,0,0,0,0,0,
0,0,0,0,0,0,0,0,0,0,0,0,0,0,0,0,0,0,0,0,0,0,0,1,0,0,0,0,0,0,0,0,
0,0,0,0,0,0,1,1,1,1,1,0,0,0,0,0,0,1,0,0,1,1,1,1,0,0,0,0,0,0,0,0,
0,0,0,0,0,0,1,0,0,0,1,1,1,0,0,0,0,0,0,0,1,0,0,0,0,0,0,0,0,0,0,0,
0,0,0,0,1,0,1,0,0,0,0,0,1,1,1,1,1,1,1,1,1,0,0,0,0,0,0,0,0,0,0,0,
0,0,0,0,0,1,1,0,0,0,0,0,0,0,0,0,0,0,0,0,0,0,0,0,0,0,0,0,0,0,0,0,
0,0,0,1,1,1,0,0,0,0,0,0,0,0,0,0,0,0,0,0,0,0,0,0,0,0,0,0,0,0,0,0,
1,1,1,1,0,0,0,0,0,0,0,0,0,0,0,0,0,0,0,0,0,0,0,0,0,0,0,0,0,0,0,0,
0,0,0,0,0,0,0,0,0,0,0,0,0,0,0,0,0,0,0,0,0,0,0,0,0,0,0,0,0,0,0,0

[enemygroup]
# 2 Skeleton Mages
type=skeletonmage
location=21,9,6,2
level=2,2
number=2,2

[enemygroup]
# 3 Firebats
type=firebat
location=14,20,5,5
level=2,2
number=3,3

[event]
# Teleport to Volcano3
type=teleport
location=0,22,1,8
intermap=volcano3.txt,30,9

[event]
# Ghost Talisman
type=run_once
location=23,7,1,1
hotspot=-16,-16,32,32
loot=id,24,6,400
requires_not=ghosttalis
tooltip=Altar

