[header]
width=32
height=32
tileset=town.txt
title=Volcano
music=evil_temple.ogg

[layer]
type=background
data=
110,110,110,110,110,110,110,110,110,110,110,110,110,110,110,110,110,110,110,110,110,110,110,110,110,110,110,110,110,110,110,110,
110,110,110,110,110,110,110,110,110,110,110,110,110,110,110,110,110,110,110,110,110,110,110,110,110,110,110,110,110,110,110,110,
110,110,110,110,110,110,110,110,110,110,110,110,110,110,110,110,110,110,110,110,110,110,110,110,110,110,110,110,110,110,110,110,
110,110,110,110,110,110,110,110,110,110,110,110,110,110,110,110,110,110,110,110,110,110,110,110,110,110,110,110,110,110,110,110,
110,110,110,110,110,110,110,110,110,110,110,110,110,110,110,110,110,110,110,110,110,110,110,110,110,110,110,110,110,110,110,110,
110,110,110,110,110,110,110,110,110,110,110,110,110,110,110,110,110,110,110,110,110,110,110,110,110,110,110,110,110,110,110,110,
110,110,110,110,110,110,110,110,110,110,110,110,110,110,110,110,110,110,110,110,110,110,110,110,110,110,110,110,110,110,110,110,
110,110,110,110,110,110,110,110,110,110,110,110,110,110,110,110,110,110,110,110,110,110,110,110,110,110,110,110,110,110,110,110,
110,110,110,110,110,110,110,110,110,110,110,110,110,110,110,110,110,110,110,110,110,110,110,110,110,110,110,110,110,110,110,110,
110,110,110,110,110,110,110,110,110,110,110,110,110,110,110,110,110,110,110,110,110,110,110,110,110,110,110,110,110,110,110,110,
110,110,110,110,110,110,110,110,110,110,110,110,110,110,110,110,110,110,110,110,110,110,110,110,110,110,110,110,110,110,110,110,
110,110,110,110,110,110,110,110,29,137,137,137,137,137,137,137,137,137,137,137,137,137,30,110,110,110,110,110,110,110,110,110,
110,110,110,110,110,110,29,137,138,107,107,107,107,107,107,107,107,107,107,107,107,107,136,137,30,110,110,110,110,110,110,110,
110,110,110,110,110,29,138,107,107,107,107,107,28,107,107,107,107,107,107,107,107,107,107,107,136,30,110,110,110,110,110,110,
110,110,110,110,29,138,107,107,107,107,107,107,107,107,107,107,107,107,28,107,107,107,107,55,107,136,30,110,110,110,110,110,
110,110,110,110,111,107,107,107,107,107,107,107,107,107,107,107,107,107,107,107,107,107,107,107,107,107,136,30,110,110,110,110,
110,110,110,29,138,107,107,107,107,107,107,107,107,107,107,107,107,107,107,107,107,107,107,107,107,107,107,109,110,110,110,110,
110,110,110,111,107,107,107,107,107,107,107,107,107,107,107,107,107,107,107,107,107,107,107,107,107,107,107,136,30,110,110,110,
110,110,110,111,107,107,107,107,55,107,107,107,107,107,28,107,107,107,107,107,107,28,107,107,107,107,107,107,109,110,110,110,
110,110,110,111,107,107,107,107,107,107,107,107,107,107,107,107,107,107,107,107,107,107,107,107,107,107,107,107,109,110,110,110,
110,110,110,111,107,107,107,107,107,107,107,107,82,84,107,107,107,107,107,107,107,107,107,107,107,107,107,107,109,110,110,110,
110,110,110,111,107,107,107,107,107,82,83,83,57,56,83,83,84,107,107,107,107,107,107,107,107,107,107,107,109,110,110,110,
110,110,110,111,107,107,107,107,107,109,110,110,110,110,110,110,56,84,107,107,107,107,55,107,107,107,107,82,57,110,110,110,
110,110,29,138,107,107,107,107,107,136,30,110,110,110,110,110,110,111,107,107,107,107,107,107,107,107,107,109,110,110,110,110,
110,110,111,107,107,107,107,107,107,107,109,110,110,110,110,110,110,56,84,107,107,107,107,107,107,107,82,57,110,110,110,110,
110,110,111,107,107,107,107,107,107,107,136,137,30,110,110,110,110,110,56,83,83,83,83,83,83,83,57,110,110,110,110,110,
110,110,111,107,107,107,107,107,107,107,107,107,136,137,30,110,110,110,110,110,110,110,110,110,110,110,110,110,110,110,110,110,
110,110,111,107,107,107,107,107,107,107,107,107,107,107,136,30,110,110,110,110,110,110,110,110,110,110,110,110,110,110,110,110,
110,110,111,107,107,107,107,107,107,107,107,107,107,107,107,136,137,137,30,110,110,110,110,110,110,110,110,110,110,110,110,110,
110,110,111,107,107,107,107,107,107,107,107,107,107,107,107,107,107,107,109,110,110,110,110,110,110,110,110,110,110,110,110,110,
110,110,111,107,107,107,107,107,107,107,107,107,107,107,107,107,107,107,109,110,110,110,110,110,110,110,110,110,110,110,110,110,
110,110,111,107,107,107,107,107,107,107,107,107,107,26,134,134,134,27,109,110,110,110,110,110,110,110,110,110,110,110,110,110

[layer]
type=object
data=
0,0,0,0,0,0,0,0,0,0,0,0,0,0,0,0,0,0,0,0,0,0,0,0,0,0,0,0,0,0,0,0,
0,0,0,0,0,0,0,0,0,0,0,0,0,0,0,0,0,0,0,0,0,0,0,0,0,0,0,0,0,0,0,0,
0,0,0,0,0,0,0,0,0,0,0,0,0,0,0,0,0,0,0,0,0,0,0,0,0,0,0,0,0,0,0,0,
0,0,0,0,0,0,0,0,0,0,0,0,0,0,0,0,0,0,0,0,0,0,0,0,0,0,0,0,0,0,0,0,
0,0,0,0,0,0,0,0,0,0,0,0,0,0,0,0,0,0,0,0,0,0,0,0,0,0,0,0,0,0,0,0,
0,0,0,0,0,0,0,0,0,0,0,0,0,0,0,0,0,0,0,0,0,0,0,0,0,0,0,0,0,0,0,0,
0,0,0,0,0,0,0,0,0,0,0,0,0,0,0,0,0,0,0,0,0,0,0,0,0,0,0,0,0,0,0,0,
0,0,0,0,0,0,0,0,0,0,0,0,0,0,0,0,0,0,0,0,0,0,0,0,0,0,0,0,0,0,0,0,
0,0,0,0,0,0,0,0,0,0,0,0,0,0,0,0,0,0,0,0,0,0,0,0,0,0,0,0,0,0,0,0,
0,0,0,0,0,0,0,0,0,0,0,0,0,0,0,0,0,0,0,0,0,0,0,0,0,0,0,0,0,0,0,0,
0,0,0,0,0,0,0,0,0,0,0,0,0,0,0,0,0,0,0,0,0,0,0,0,0,0,0,0,0,0,0,0,
0,0,0,0,0,0,0,0,0,0,0,0,0,0,0,0,0,0,0,0,0,0,0,0,0,0,0,0,0,0,0,0,
0,0,0,0,0,0,0,0,0,0,0,0,0,0,0,0,0,0,0,0,0,0,0,0,0,0,0,0,0,0,0,0,
0,0,0,0,0,0,0,0,0,0,0,0,0,0,0,179,0,0,0,0,0,0,0,179,0,0,0,0,0,0,0,0,
0,0,0,0,0,0,0,0,0,0,0,0,0,0,0,0,0,0,0,0,0,0,0,0,0,0,0,0,0,0,0,0,
0,0,0,0,0,0,0,0,0,243,0,0,0,0,0,0,0,0,0,0,0,0,0,0,0,0,0,0,0,0,0,0,
0,0,0,0,0,0,0,0,0,0,0,0,0,0,0,0,0,0,0,0,0,0,0,0,0,179,0,0,0,0,0,0,
0,0,0,0,0,0,0,0,0,0,0,0,0,0,0,0,0,0,0,0,0,0,0,0,0,0,0,0,0,0,0,0,
0,0,0,0,0,0,0,0,0,0,0,0,0,0,0,0,0,243,0,0,0,0,0,0,0,0,0,0,0,0,0,0,
0,0,0,0,0,0,0,0,0,0,0,0,0,0,0,0,0,0,0,0,0,0,0,0,0,243,0,0,0,0,0,0,
0,0,0,0,0,0,0,0,0,0,0,0,0,0,0,0,0,0,0,0,0,0,0,0,0,0,0,0,0,0,0,0,
0,0,0,0,0,0,0,0,0,0,0,0,0,0,0,0,0,0,0,179,0,0,0,0,179,0,0,0,0,0,0,0,
0,0,0,0,0,0,0,0,0,0,0,0,0,0,0,0,0,0,0,0,0,0,0,0,0,0,0,0,0,0,0,0,
0,0,0,0,0,0,0,0,0,0,0,0,0,0,0,0,0,0,0,0,0,0,0,0,0,0,0,0,0,0,0,0,
0,0,0,0,0,243,0,0,0,0,0,0,0,0,0,0,0,0,0,0,0,0,0,0,0,0,0,0,0,0,0,0,
0,0,0,0,0,0,0,0,0,0,0,0,0,0,0,0,0,0,0,0,0,0,0,0,0,0,0,0,0,0,0,0,
0,0,0,0,0,0,0,0,0,0,0,0,0,0,0,0,0,0,0,0,0,0,0,0,0,0,0,0,0,0,0,0,
0,0,0,0,0,0,0,0,0,0,0,0,0,0,0,0,0,0,0,0,0,0,0,0,0,0,0,0,0,0,0,0,
0,0,0,0,0,0,0,0,0,0,0,0,0,0,0,0,0,0,0,0,0,0,0,0,0,0,0,0,0,0,0,0,
0,0,0,0,0,0,0,0,0,0,0,0,0,0,0,0,0,0,0,0,0,0,0,0,0,0,0,0,0,0,0,0,
0,0,0,0,0,0,0,0,0,0,0,0,0,0,0,0,0,0,0,0,0,0,0,0,0,0,0,0,0,0,0,0,
0,0,0,0,0,0,0,0,0,0,0,0,0,0,0,0,0,0,0,0,0,0,0,0,0,0,0,0,0,0,0,0

[layer]
type=collision
data=
0,0,0,0,0,0,0,0,0,0,0,0,0,0,0,0,0,0,0,0,0,0,0,0,0,0,0,0,0,0,0,0,
0,0,0,0,0,0,0,0,0,0,0,0,0,0,0,0,0,0,0,0,0,0,0,0,0,0,0,0,0,0,0,0,
0,0,0,0,0,0,0,0,0,0,0,0,0,0,0,0,0,0,0,0,0,0,0,0,0,0,0,0,0,0,0,0,
0,0,0,0,0,0,0,0,0,0,0,0,0,0,0,0,0,0,0,0,0,0,0,0,0,0,0,0,0,0,0,0,
0,0,0,0,0,0,0,0,0,0,0,0,0,0,0,0,0,0,0,0,0,0,0,0,0,0,0,0,0,0,0,0,
0,0,0,0,0,0,0,0,0,0,0,0,0,0,0,0,0,0,0,0,0,0,0,0,0,0,0,0,0,0,0,0,
0,0,0,0,0,0,0,0,0,0,0,0,0,0,0,0,0,0,0,0,0,0,0,0,0,0,0,0,0,0,0,0,
0,0,0,0,0,0,0,0,0,0,0,0,0,0,0,0,0,0,0,0,0,0,0,0,0,0,0,0,0,0,0,0,
0,0,0,0,0,0,0,0,0,0,0,0,0,0,0,0,0,0,0,0,0,0,0,0,0,0,0,0,0,0,0,0,
0,0,0,0,0,0,0,0,0,0,0,0,0,0,0,0,0,0,0,0,0,0,0,0,0,0,0,0,0,0,0,0,
0,0,0,0,0,0,0,0,0,0,0,0,0,0,0,0,0,0,0,0,0,0,0,0,0,0,0,0,0,0,0,0,
0,0,0,0,0,0,0,0,1,1,1,1,1,1,1,1,1,1,1,1,1,1,1,0,0,0,0,0,0,0,0,0,
0,0,0,0,0,0,1,1,1,0,0,0,0,0,0,0,0,0,0,0,0,0,1,1,1,0,0,0,0,0,0,0,
0,0,0,0,0,1,1,0,0,0,0,0,1,0,0,1,0,0,0,0,0,0,0,1,1,1,0,0,0,0,0,0,
0,0,0,0,1,1,0,0,0,0,0,0,0,0,0,0,0,0,1,0,0,0,0,1,0,1,1,0,0,0,0,0,
0,0,0,0,1,0,0,0,0,1,0,0,0,0,0,0,0,0,0,0,0,0,0,0,0,0,1,1,0,0,0,0,
0,0,0,1,1,0,0,0,0,0,0,0,0,0,0,0,0,0,0,0,0,0,0,0,0,1,0,1,0,0,0,0,
0,0,0,1,0,0,0,0,0,0,0,0,0,0,0,0,0,0,0,0,0,0,0,0,0,0,0,1,1,0,0,0,
0,0,0,1,0,0,0,0,1,0,0,0,0,0,1,0,0,1,0,0,0,1,0,0,0,0,0,0,1,0,0,0,
0,0,0,1,0,0,0,0,0,0,0,0,0,0,0,0,0,0,0,0,0,0,0,0,0,1,0,0,1,0,0,0,
0,0,0,1,0,0,0,0,0,0,0,0,1,1,0,0,0,0,0,0,0,0,0,0,0,0,0,0,1,0,0,0,
0,0,0,1,0,0,0,0,0,1,1,1,1,1,1,1,1,0,0,1,0,0,0,0,1,0,0,0,1,0,0,0,
0,0,0,1,0,0,0,0,0,1,0,0,0,0,0,0,1,1,0,0,0,0,1,0,0,0,0,1,1,0,0,0,
0,0,1,1,0,0,0,0,0,1,1,0,0,0,0,0,0,1,0,0,0,0,0,0,0,0,0,1,0,0,0,0,
0,0,1,0,0,1,0,0,0,0,1,0,0,0,0,0,0,1,1,0,0,0,0,0,0,0,1,1,0,0,0,0,
0,0,1,0,0,0,0,0,0,0,1,1,1,0,0,0,0,0,1,1,1,1,1,1,1,1,1,0,0,0,0,0,
0,0,1,0,0,0,0,0,0,0,0,0,1,1,1,0,0,0,0,0,0,0,0,0,0,0,0,0,0,0,0,0,
0,0,1,0,0,0,0,0,0,0,0,0,0,0,1,1,0,0,0,0,0,0,0,0,0,0,0,0,0,0,0,0,
0,0,1,0,0,0,0,0,0,0,0,0,0,0,0,1,1,1,1,0,0,0,0,0,0,0,0,0,0,0,0,0,
0,0,1,0,0,0,0,0,0,0,0,0,0,0,0,0,0,0,1,0,0,0,0,0,0,0,0,0,0,0,0,0,
0,0,1,0,0,0,0,0,0,0,0,0,0,0,0,0,0,0,1,0,0,0,0,0,0,0,0,0,0,0,0,0,
0,0,1,0,0,0,0,0,0,0,0,0,0,0,0,0,0,0,1,0,0,0,0,0,0,0,0,0,0,0,0,0

[enemy]
# Skeleton Mage
type=skeletonmage
location=8,17,1,1

[enemygroup]
# 2 Skeleton
type=skeleton
location=4,17,3,3
level=1,1
number=2,2

[event]
# Chest
type=run_once
location=15,13,1,1
hotspot=-16,-16,32,32
loot=id,16,13,1
mapmod=object,15,13,206
tooltip=Chest

[event]
# Chest
type=run_once
location=23,13,1,1
hotspot=-16,-16,32,32
loot=id,22,13,2
mapmod=object,23,13,206
tooltip=Chest

[event]
# Chest
type=run_once
location=25,16,1,1
hotspot=-16,-16,32,32
loot=currency,25,17,5
mapmod=object,25,16,206
tooltip=Chest

[event]
# Chest
type=run_once
location=24,21,1,1
hotspot=-16,-16,32,32
loot=currency,24,22,5
mapmod=object,24,21,206
tooltip=Chest

[event]
# Chest
type=run_once
location=19,21,1,1
hotspot=-16,-16,32,32
loot=id,20,21,1
mapmod=object,19,21,206
tooltip=Chest

[event]
# Teleport to Volcano2
type=teleport
location=3,31,10,1
intermap=volcano2.txt,7,1

